Time	Node	AppId	SeqNo	Type	DelayS	DelayUS	RetxCount	HopCount
0.120052	Node7	0	9550	LastDelay	0.120052	120052	1	6
0.120052	Node7	0	9550	FullDelay	0.120052	120052	1	6
0.130052	Node7	0	416	LastDelay	0.120052	120052	1	6
0.130052	Node7	0	416	FullDelay	0.120052	120052	1	6
0.140052	Node7	0	37	LastDelay	0.120052	120052	1	6
0.140052	Node7	0	37	FullDelay	0.120052	120052	1	6
0.150052	Node7	0	15	LastDelay	0.120052	120052	1	6
0.150052	Node7	0	15	FullDelay	0.120052	120052	1	6
0.160052	Node7	0	5736	LastDelay	0.120052	120052	1	6
0.160052	Node7	0	5736	FullDelay	0.120052	120052	1	6
0.170052	Node7	0	46	LastDelay	0.120052	120052	1	6
0.170052	Node7	0	46	FullDelay	0.120052	120052	1	6
0.180052	Node7	0	892	LastDelay	0.120052	120052	1	6
0.180052	Node7	0	892	FullDelay	0.120052	120052	1	6
0.190052	Node7	0	607	LastDelay	0.120052	120052	1	6
0.190052	Node7	0	607	FullDelay	0.120052	120052	1	6
0.200052	Node7	0	482	LastDelay	0.120052	120052	1	6
0.200052	Node7	0	482	FullDelay	0.120052	120052	1	6
0.210052	Node7	0	677	LastDelay	0.120052	120052	1	6
0.210052	Node7	0	677	FullDelay	0.120052	120052	1	6
0.220052	Node7	0	599	LastDelay	0.120052	120052	1	6
0.220052	Node7	0	599	FullDelay	0.120052	120052	1	6
0.230052	Node7	0	578	LastDelay	0.120052	120052	1	6
0.230052	Node7	0	578	FullDelay	0.120052	120052	1	6
0.240052	Node7	0	8422	LastDelay	0.120052	120052	1	6
0.240052	Node7	0	8422	FullDelay	0.120052	120052	1	6
0.250052	Node7	0	262	LastDelay	0.120052	120052	1	6
0.250052	Node7	0	262	FullDelay	0.120052	120052	1	6
0.260052	Node7	0	6985	LastDelay	0.120052	120052	1	6
0.260052	Node7	0	6985	FullDelay	0.120052	120052	1	6
0.270052	Node7	0	2299	LastDelay	0.120052	120052	1	6
0.270052	Node7	0	2299	FullDelay	0.120052	120052	1	6
0.280052	Node7	0	2935	LastDelay	0.120052	120052	1	6
0.280052	Node7	0	2935	FullDelay	0.120052	120052	1	6
0.290052	Node7	0	30	LastDelay	0.120052	120052	1	6
0.290052	Node7	0	30	FullDelay	0.120052	120052	1	6
0.300052	Node7	0	4109	LastDelay	0.120052	120052	1	6
0.300052	Node7	0	4109	FullDelay	0.120052	120052	1	6
0.310052	Node7	0	5099	LastDelay	0.120052	120052	1	6
0.310052	Node7	0	5099	FullDelay	0.120052	120052	1	6
0.320052	Node7	0	1352	LastDelay	0.120052	120052	1	6
0.320052	Node7	0	1352	FullDelay	0.120052	120052	1	6
0.330052	Node7	0	8106	LastDelay	0.120052	120052	1	6
0.330052	Node7	0	8106	FullDelay	0.120052	120052	1	6
0.340052	Node7	0	6097	LastDelay	0.120052	120052	1	6
0.340052	Node7	0	6097	FullDelay	0.120052	120052	1	6
0.350052	Node7	0	181	LastDelay	0.120052	120052	1	6
0.350052	Node7	0	181	FullDelay	0.120052	120052	1	6
0.360052	Node7	0	6427	LastDelay	0.120052	120052	1	6
0.360052	Node7	0	6427	FullDelay	0.120052	120052	1	6
0.370052	Node7	0	5702	LastDelay	0.120052	120052	1	6
0.370052	Node7	0	5702	FullDelay	0.120052	120052	1	6
0.380052	Node7	0	1	LastDelay	0.120052	120052	1	6
0.380052	Node7	0	1	FullDelay	0.120052	120052	1	6
0.390052	Node7	0	67	LastDelay	0.120052	120052	1	6
0.390052	Node7	0	67	FullDelay	0.120052	120052	1	6
0.400052	Node7	0	35	LastDelay	0.120052	120052	1	6
0.400052	Node7	0	35	FullDelay	0.120052	120052	1	6
0.410052	Node7	0	8	LastDelay	0.120052	120052	1	6
0.410052	Node7	0	8	FullDelay	0.120052	120052	1	6
0.420052	Node7	0	18	LastDelay	0.120052	120052	1	6
0.420052	Node7	0	18	FullDelay	0.120052	120052	1	6
0.430052	Node7	0	22	LastDelay	0.120052	120052	1	6
0.430052	Node7	0	22	FullDelay	0.120052	120052	1	6
0.440052	Node7	0	33	LastDelay	0.120052	120052	1	6
0.440052	Node7	0	33	FullDelay	0.120052	120052	1	6
0.450052	Node7	0	3178	LastDelay	0.120052	120052	1	6
0.450052	Node7	0	3178	FullDelay	0.120052	120052	1	6
0.460052	Node7	0	20	LastDelay	0.0100521	10052.1	1	6
0.460052	Node7	0	20	FullDelay	0.120052	120052	2	6
0.470052	Node7	0	8065	LastDelay	0.120052	120052	1	6
0.470052	Node7	0	8065	FullDelay	0.120052	120052	1	6
0.480052	Node7	0	902	LastDelay	0.120052	120052	1	6
0.480052	Node7	0	902	FullDelay	0.120052	120052	1	6
0.490052	Node7	0	16	LastDelay	0.120052	120052	1	6
0.490052	Node7	0	16	FullDelay	0.120052	120052	1	6
0.500052	Node7	0	105	LastDelay	0.120052	120052	1	6
0.500052	Node7	0	105	FullDelay	0.120052	120052	1	6
0.510052	Node7	0	8476	LastDelay	0.120052	120052	1	6
0.510052	Node7	0	8476	FullDelay	0.120052	120052	1	6
0.520052	Node7	0	6396	LastDelay	0.120052	120052	1	6
0.520052	Node7	0	6396	FullDelay	0.120052	120052	1	6
0.530052	Node7	0	3510	LastDelay	0.120052	120052	1	6
0.530052	Node7	0	3510	FullDelay	0.120052	120052	1	6
0.540052	Node7	0	572	LastDelay	0.120052	120052	1	6
0.540052	Node7	0	572	FullDelay	0.120052	120052	1	6
0.550052	Node7	0	5405	LastDelay	0.120052	120052	1	6
0.550052	Node7	0	5405	FullDelay	0.120052	120052	1	6
0.560052	Node7	0	85	LastDelay	0.120052	120052	1	6
0.560052	Node7	0	85	FullDelay	0.120052	120052	1	6
0.580052	Node7	0	7630	LastDelay	0.120052	120052	1	6
0.580052	Node7	0	7630	FullDelay	0.120052	120052	1	6
0.590052	Node7	0	2350	LastDelay	0.120052	120052	1	6
0.590052	Node7	0	2350	FullDelay	0.120052	120052	1	6
0.600052	Node7	0	8	LastDelay	0.120052	120052	1	6
0.600052	Node7	0	8	FullDelay	0.120052	120052	1	6
0.610052	Node7	0	124	LastDelay	0.120052	120052	1	6
0.610052	Node7	0	124	FullDelay	0.120052	120052	1	6
0.620052	Node7	0	2368	LastDelay	0.120052	120052	1	6
0.620052	Node7	0	2368	FullDelay	0.120052	120052	1	6
0.630052	Node7	0	39	LastDelay	0.120052	120052	1	6
0.630052	Node7	0	39	FullDelay	0.120052	120052	1	6
0.640052	Node7	0	32	LastDelay	0.120052	120052	1	6
0.640052	Node7	0	32	FullDelay	0.120052	120052	1	6
0.65	Node7	0	416	LastDelay	0	0	1	0
0.65	Node7	0	416	FullDelay	0	0	1	0
0.650052	Node7	0	1739	LastDelay	0.120052	120052	1	6
0.650052	Node7	0	1739	FullDelay	0.120052	120052	1	6
0.660052	Node7	0	848	LastDelay	0.120052	120052	1	6
0.660052	Node7	0	848	FullDelay	0.120052	120052	1	6
0.670052	Node7	0	3959	LastDelay	0.120052	120052	1	6
0.670052	Node7	0	3959	FullDelay	0.120052	120052	1	6
0.680052	Node7	0	580	LastDelay	0.120052	120052	1	6
0.680052	Node7	0	580	FullDelay	0.120052	120052	1	6
0.690052	Node7	0	3024	LastDelay	0.120052	120052	1	6
0.690052	Node7	0	3024	FullDelay	0.120052	120052	1	6
0.700052	Node7	0	2979	LastDelay	0.120052	120052	1	6
0.700052	Node7	0	2979	FullDelay	0.120052	120052	1	6
0.710052	Node7	0	231	LastDelay	0.120052	120052	1	6
0.710052	Node7	0	231	FullDelay	0.120052	120052	1	6
0.720052	Node7	0	4242	LastDelay	0.120052	120052	1	6
0.720052	Node7	0	4242	FullDelay	0.120052	120052	1	6
0.730052	Node7	0	4593	LastDelay	0.120052	120052	1	6
0.730052	Node7	0	4593	FullDelay	0.120052	120052	1	6
0.740052	Node7	0	349	LastDelay	0.120052	120052	1	6
0.740052	Node7	0	349	FullDelay	0.120052	120052	1	6
0.750052	Node7	0	3427	LastDelay	0.120052	120052	1	6
0.750052	Node7	0	3427	FullDelay	0.120052	120052	1	6
0.760052	Node7	0	2755	LastDelay	0.120052	120052	1	6
0.760052	Node7	0	2755	FullDelay	0.120052	120052	1	6
0.780052	Node7	0	2512	LastDelay	0.120052	120052	1	6
0.780052	Node7	0	2512	FullDelay	0.120052	120052	1	6
0.790052	Node7	0	3828	LastDelay	0.120052	120052	1	6
0.790052	Node7	0	3828	FullDelay	0.120052	120052	1	6
0.800052	Node7	0	1562	LastDelay	0.120052	120052	1	6
0.800052	Node7	0	1562	FullDelay	0.120052	120052	1	6
0.810052	Node7	0	906	LastDelay	0.120052	120052	1	6
0.810052	Node7	0	906	FullDelay	0.120052	120052	1	6
0.820052	Node7	0	31	LastDelay	0.120052	120052	1	6
0.820052	Node7	0	31	FullDelay	0.120052	120052	1	6
0.830052	Node7	0	197	LastDelay	0.120052	120052	1	6
0.830052	Node7	0	197	FullDelay	0.120052	120052	1	6
0.840052	Node7	0	3567	LastDelay	0.120052	120052	1	6
0.840052	Node7	0	3567	FullDelay	0.120052	120052	1	6
0.850052	Node7	0	3280	LastDelay	0.120052	120052	1	6
0.850052	Node7	0	3280	FullDelay	0.120052	120052	1	6
0.860052	Node7	0	1221	LastDelay	0.120052	120052	1	6
0.860052	Node7	0	1221	FullDelay	0.120052	120052	1	6
0.870052	Node7	0	5617	LastDelay	0.120052	120052	1	6
0.870052	Node7	0	5617	FullDelay	0.120052	120052	1	6
0.880052	Node7	0	8692	LastDelay	0.120052	120052	1	6
0.880052	Node7	0	8692	FullDelay	0.120052	120052	1	6
0.890052	Node7	0	34	LastDelay	0.120052	120052	1	6
0.890052	Node7	0	34	FullDelay	0.120052	120052	1	6
0.900052	Node7	0	313	LastDelay	0.120052	120052	1	6
0.900052	Node7	0	313	FullDelay	0.120052	120052	1	6
0.910052	Node7	0	260	LastDelay	0.120052	120052	1	6
0.910052	Node7	0	260	FullDelay	0.120052	120052	1	6
0.920052	Node7	0	1020	LastDelay	0.120052	120052	1	6
0.920052	Node7	0	1020	FullDelay	0.120052	120052	1	6
0.930052	Node7	0	129	LastDelay	0.120052	120052	1	6
0.930052	Node7	0	129	FullDelay	0.120052	120052	1	6
0.940052	Node7	0	953	LastDelay	0.120052	120052	1	6
0.940052	Node7	0	953	FullDelay	0.120052	120052	1	6
0.950052	Node7	0	775	LastDelay	0.120052	120052	1	6
0.950052	Node7	0	775	FullDelay	0.120052	120052	1	6
0.960052	Node7	0	2824	LastDelay	0.120052	120052	1	6
0.960052	Node7	0	2824	FullDelay	0.120052	120052	1	6
0.970052	Node7	0	5511	LastDelay	0.120052	120052	1	6
0.970052	Node7	0	5511	FullDelay	0.120052	120052	1	6
0.980052	Node7	0	8	LastDelay	0.120052	120052	1	6
0.980052	Node7	0	8	FullDelay	0.120052	120052	1	6
0.990052	Node7	0	4770	LastDelay	0.120052	120052	1	6
0.990052	Node7	0	4770	FullDelay	0.120052	120052	1	6
1.00005	Node7	0	1042	LastDelay	0.120052	120052	1	6
1.00005	Node7	0	1042	FullDelay	0.120052	120052	1	6
1.01005	Node7	0	492	LastDelay	0.120052	120052	1	6
1.01005	Node7	0	492	FullDelay	0.120052	120052	1	6
1.02005	Node7	0	6005	LastDelay	0.120052	120052	1	6
1.02005	Node7	0	6005	FullDelay	0.120052	120052	1	6
1.03005	Node7	0	3618	LastDelay	0.120052	120052	1	6
1.03005	Node7	0	3618	FullDelay	0.120052	120052	1	6
1.04005	Node7	0	176	LastDelay	0.120052	120052	1	6
1.04005	Node7	0	176	FullDelay	0.120052	120052	1	6
1.05005	Node7	0	151	LastDelay	0.120052	120052	1	6
1.05005	Node7	0	151	FullDelay	0.120052	120052	1	6
1.06005	Node7	0	120	LastDelay	0.120052	120052	1	6
1.06005	Node7	0	120	FullDelay	0.120052	120052	1	6
1.07005	Node7	0	4429	LastDelay	0.120052	120052	1	6
1.07005	Node7	0	4429	FullDelay	0.120052	120052	1	6
1.08005	Node7	0	1710	LastDelay	0.120052	120052	1	6
1.08005	Node7	0	1710	FullDelay	0.120052	120052	1	6
1.09005	Node7	0	1447	LastDelay	0.120052	120052	1	6
1.09005	Node7	0	1447	FullDelay	0.120052	120052	1	6
1.10005	Node7	0	1372	LastDelay	0.120052	120052	1	6
1.10005	Node7	0	1372	FullDelay	0.120052	120052	1	6
1.11005	Node7	0	4469	LastDelay	0.120052	120052	1	6
1.11005	Node7	0	4469	FullDelay	0.120052	120052	1	6
1.12005	Node7	0	6823	LastDelay	0.120052	120052	1	6
1.12005	Node7	0	6823	FullDelay	0.120052	120052	1	6
1.13005	Node7	0	148	LastDelay	0.120052	120052	1	6
1.13005	Node7	0	148	FullDelay	0.120052	120052	1	6
1.14005	Node7	0	241	LastDelay	0.120052	120052	1	6
1.14005	Node7	0	241	FullDelay	0.120052	120052	1	6
1.15005	Node7	0	3127	LastDelay	0.120052	120052	1	6
1.15005	Node7	0	3127	FullDelay	0.120052	120052	1	6
1.16005	Node7	0	7908	LastDelay	0.120052	120052	1	6
1.16005	Node7	0	7908	FullDelay	0.120052	120052	1	6
1.17005	Node7	0	7001	LastDelay	0.120052	120052	1	6
1.17005	Node7	0	7001	FullDelay	0.120052	120052	1	6
1.18005	Node7	0	11	LastDelay	0.120052	120052	1	6
1.18005	Node7	0	11	FullDelay	0.120052	120052	1	6
1.19005	Node7	0	3877	LastDelay	0.120052	120052	1	6
1.19005	Node7	0	3877	FullDelay	0.120052	120052	1	6
1.20005	Node7	0	494	LastDelay	0.120052	120052	1	6
1.20005	Node7	0	494	FullDelay	0.120052	120052	1	6
1.21005	Node7	0	1166	LastDelay	0.120052	120052	1	6
1.21005	Node7	0	1166	FullDelay	0.120052	120052	1	6
1.22005	Node7	0	163	LastDelay	0.120052	120052	1	6
1.22005	Node7	0	163	FullDelay	0.120052	120052	1	6
1.23003	Node7	0	1	LastDelay	0.0800347	80034.7	1	4
1.23003	Node7	0	1	FullDelay	0.0800347	80034.7	1	4
1.23005	Node7	0	151	LastDelay	0.120052	120052	1	6
1.23005	Node7	0	151	FullDelay	0.120052	120052	1	6
1.24005	Node7	0	1608	LastDelay	0.120052	120052	1	6
1.24005	Node7	0	1608	FullDelay	0.120052	120052	1	6
1.25005	Node7	0	6967	LastDelay	0.120052	120052	1	6
1.25005	Node7	0	6967	FullDelay	0.120052	120052	1	6
1.26005	Node7	0	1840	LastDelay	0.120052	120052	1	6
1.26005	Node7	0	1840	FullDelay	0.120052	120052	1	6
1.28005	Node7	0	134	LastDelay	0.120052	120052	1	6
1.28005	Node7	0	134	FullDelay	0.120052	120052	1	6
1.29005	Node7	0	630	LastDelay	0.120052	120052	1	6
1.29005	Node7	0	630	FullDelay	0.120052	120052	1	6
1.30005	Node7	0	328	LastDelay	0.120052	120052	1	6
1.30005	Node7	0	328	FullDelay	0.120052	120052	1	6
1.31005	Node7	0	8462	LastDelay	0.120052	120052	1	6
1.31005	Node7	0	8462	FullDelay	0.120052	120052	1	6
1.32005	Node7	0	78	LastDelay	0.120052	120052	1	6
1.32005	Node7	0	78	FullDelay	0.120052	120052	1	6
1.33005	Node7	0	193	LastDelay	0.120052	120052	1	6
1.33005	Node7	0	193	FullDelay	0.120052	120052	1	6
1.34005	Node7	0	3378	LastDelay	0.120052	120052	1	6
1.34005	Node7	0	3378	FullDelay	0.120052	120052	1	6
1.35005	Node7	0	56	LastDelay	0.120052	120052	1	6
1.35005	Node7	0	56	FullDelay	0.120052	120052	1	6
1.36005	Node7	0	1567	LastDelay	0.120052	120052	1	6
1.36005	Node7	0	1567	FullDelay	0.120052	120052	1	6
1.37005	Node7	0	4125	LastDelay	0.120052	120052	1	6
1.37005	Node7	0	4125	FullDelay	0.120052	120052	1	6
1.38005	Node7	0	5081	LastDelay	0.120052	120052	1	6
1.38005	Node7	0	5081	FullDelay	0.120052	120052	1	6
1.39005	Node7	0	641	LastDelay	0.120052	120052	1	6
1.39005	Node7	0	641	FullDelay	0.120052	120052	1	6
1.40005	Node7	0	632	LastDelay	0.120052	120052	1	6
1.40005	Node7	0	632	FullDelay	0.120052	120052	1	6
1.41005	Node7	0	2269	LastDelay	0.120052	120052	1	6
1.41005	Node7	0	2269	FullDelay	0.120052	120052	1	6
1.42005	Node7	0	361	LastDelay	0.120052	120052	1	6
1.42005	Node7	0	361	FullDelay	0.120052	120052	1	6
1.43005	Node7	0	4837	LastDelay	0.120052	120052	1	6
1.43005	Node7	0	4837	FullDelay	0.120052	120052	1	6
1.44005	Node7	0	125	LastDelay	0.120052	120052	1	6
1.44005	Node7	0	125	FullDelay	0.120052	120052	1	6
1.45005	Node7	0	2660	LastDelay	0.120052	120052	1	6
1.45005	Node7	0	2660	FullDelay	0.120052	120052	1	6
1.46005	Node7	0	5461	LastDelay	0.120052	120052	1	6
1.46005	Node7	0	5461	FullDelay	0.120052	120052	1	6
1.47005	Node7	0	540	LastDelay	0.120052	120052	1	6
1.47005	Node7	0	540	FullDelay	0.120052	120052	1	6
1.48005	Node7	0	4378	LastDelay	0.120052	120052	1	6
1.48005	Node7	0	4378	FullDelay	0.120052	120052	1	6
1.49005	Node7	0	4	LastDelay	0.120052	120052	1	6
1.49005	Node7	0	4	FullDelay	0.120052	120052	1	6
1.50003	Node7	0	1	LastDelay	0.0800347	80034.7	1	4
1.50003	Node7	0	1	FullDelay	0.0800347	80034.7	1	4
1.50005	Node7	0	9944	LastDelay	0.120052	120052	1	6
1.50005	Node7	0	9944	FullDelay	0.120052	120052	1	6
1.51005	Node7	0	265	LastDelay	0.120052	120052	1	6
1.51005	Node7	0	265	FullDelay	0.120052	120052	1	6
1.52005	Node7	0	815	LastDelay	0.120052	120052	1	6
1.52005	Node7	0	815	FullDelay	0.120052	120052	1	6
1.53005	Node7	0	89	LastDelay	0.120052	120052	1	6
1.53005	Node7	0	89	FullDelay	0.120052	120052	1	6
1.55005	Node7	0	73	LastDelay	0.120052	120052	1	6
1.55005	Node7	0	73	FullDelay	0.120052	120052	1	6
1.56005	Node7	0	621	LastDelay	0.120052	120052	1	6
1.56005	Node7	0	621	FullDelay	0.120052	120052	1	6
1.57005	Node7	0	2846	LastDelay	0.120052	120052	1	6
1.57005	Node7	0	2846	FullDelay	0.120052	120052	1	6
1.58005	Node7	0	1171	LastDelay	0.120052	120052	1	6
1.58005	Node7	0	1171	FullDelay	0.120052	120052	1	6
1.59005	Node7	0	6184	LastDelay	0.120052	120052	1	6
1.59005	Node7	0	6184	FullDelay	0.120052	120052	1	6
1.60005	Node7	0	71	LastDelay	0.120052	120052	1	6
1.60005	Node7	0	71	FullDelay	0.120052	120052	1	6
1.61005	Node7	0	87	LastDelay	0.120052	120052	1	6
1.61005	Node7	0	87	FullDelay	0.120052	120052	1	6
1.62005	Node7	0	9	LastDelay	0.120052	120052	1	6
1.62005	Node7	0	9	FullDelay	0.120052	120052	1	6
1.63005	Node7	0	7072	LastDelay	0.120052	120052	1	6
1.63005	Node7	0	7072	FullDelay	0.120052	120052	1	6
1.64005	Node7	0	7725	LastDelay	0.120052	120052	1	6
1.64005	Node7	0	7725	FullDelay	0.120052	120052	1	6
1.65005	Node7	0	1698	LastDelay	0.120052	120052	1	6
1.65005	Node7	0	1698	FullDelay	0.120052	120052	1	6
1.66005	Node7	0	790	LastDelay	0.120052	120052	1	6
1.66005	Node7	0	790	FullDelay	0.120052	120052	1	6
1.67005	Node7	0	2	LastDelay	0.120052	120052	1	6
1.67005	Node7	0	2	FullDelay	0.120052	120052	1	6
1.68005	Node7	0	3637	LastDelay	0.120052	120052	1	6
1.68005	Node7	0	3637	FullDelay	0.120052	120052	1	6
1.69	Node7	0	416	LastDelay	0	0	1	0
1.69	Node7	0	416	FullDelay	0	0	1	0
1.69005	Node7	0	874	LastDelay	0.120052	120052	1	6
1.69005	Node7	0	874	FullDelay	0.120052	120052	1	6
1.70005	Node7	0	3913	LastDelay	0.120052	120052	1	6
1.70005	Node7	0	3913	FullDelay	0.120052	120052	1	6
1.71005	Node7	0	1666	LastDelay	0.120052	120052	1	6
1.71005	Node7	0	1666	FullDelay	0.120052	120052	1	6
1.72005	Node7	0	9163	LastDelay	0.120052	120052	1	6
1.72005	Node7	0	9163	FullDelay	0.120052	120052	1	6
1.73005	Node7	0	107	LastDelay	0.120052	120052	1	6
1.73005	Node7	0	107	FullDelay	0.120052	120052	1	6
1.74005	Node7	0	3346	LastDelay	0.120052	120052	1	6
1.74005	Node7	0	3346	FullDelay	0.120052	120052	1	6
1.75005	Node7	0	791	LastDelay	0.120052	120052	1	6
1.75005	Node7	0	791	FullDelay	0.120052	120052	1	6
1.76005	Node7	0	14	LastDelay	0.120052	120052	1	6
1.76005	Node7	0	14	FullDelay	0.120052	120052	1	6
1.77005	Node7	0	2061	LastDelay	0.120052	120052	1	6
1.77005	Node7	0	2061	FullDelay	0.120052	120052	1	6
1.78005	Node7	0	3709	LastDelay	0.120052	120052	1	6
1.78005	Node7	0	3709	FullDelay	0.120052	120052	1	6
1.79005	Node7	0	1177	LastDelay	0.120052	120052	1	6
1.79005	Node7	0	1177	FullDelay	0.120052	120052	1	6
1.80005	Node7	0	5472	LastDelay	0.120052	120052	1	6
1.80005	Node7	0	5472	FullDelay	0.120052	120052	1	6
1.82005	Node7	0	635	LastDelay	0.120052	120052	1	6
1.82005	Node7	0	635	FullDelay	0.120052	120052	1	6
1.83005	Node7	0	1846	LastDelay	0.120052	120052	1	6
1.83005	Node7	0	1846	FullDelay	0.120052	120052	1	6
1.84005	Node7	0	9	LastDelay	0.120052	120052	1	6
1.84005	Node7	0	9	FullDelay	0.120052	120052	1	6
1.85005	Node7	0	228	LastDelay	0.120052	120052	1	6
1.85005	Node7	0	228	FullDelay	0.120052	120052	1	6
1.86005	Node7	0	8098	LastDelay	0.120052	120052	1	6
1.86005	Node7	0	8098	FullDelay	0.120052	120052	1	6
1.87005	Node7	0	108	LastDelay	0.120052	120052	1	6
1.87005	Node7	0	108	FullDelay	0.120052	120052	1	6
1.88005	Node7	0	2184	LastDelay	0.120052	120052	1	6
1.88005	Node7	0	2184	FullDelay	0.120052	120052	1	6
1.89005	Node7	0	933	LastDelay	0.120052	120052	1	6
1.89005	Node7	0	933	FullDelay	0.120052	120052	1	6
1.90005	Node7	0	997	LastDelay	0.120052	120052	1	6
1.90005	Node7	0	997	FullDelay	0.120052	120052	1	6
1.91005	Node7	0	18	LastDelay	0.120052	120052	1	6
1.91005	Node7	0	18	FullDelay	0.120052	120052	1	6
1.92005	Node7	0	1994	LastDelay	0.120052	120052	1	6
1.92005	Node7	0	1994	FullDelay	0.120052	120052	1	6
1.93005	Node7	0	70	LastDelay	0.120052	120052	1	6
1.93005	Node7	0	70	FullDelay	0.120052	120052	1	6
1.94005	Node7	0	2516	LastDelay	0.120052	120052	1	6
1.94005	Node7	0	2516	FullDelay	0.120052	120052	1	6
1.95005	Node7	0	3110	LastDelay	0.120052	120052	1	6
1.95005	Node7	0	3110	FullDelay	0.120052	120052	1	6
1.96005	Node7	0	1836	LastDelay	0.120052	120052	1	6
1.96005	Node7	0	1836	FullDelay	0.120052	120052	1	6
1.97005	Node7	0	7234	LastDelay	0.120052	120052	1	6
1.97005	Node7	0	7234	FullDelay	0.120052	120052	1	6
1.98005	Node7	0	7727	LastDelay	0.120052	120052	1	6
1.98005	Node7	0	7727	FullDelay	0.120052	120052	1	6
1.99005	Node7	0	48	LastDelay	0.120052	120052	1	6
1.99005	Node7	0	48	FullDelay	0.120052	120052	1	6
2.00005	Node7	0	5164	LastDelay	0.120052	120052	1	6
2.00005	Node7	0	5164	FullDelay	0.120052	120052	1	6
2.01005	Node7	0	1759	LastDelay	0.120052	120052	1	6
2.01005	Node7	0	1759	FullDelay	0.120052	120052	1	6
2.02005	Node7	0	4236	LastDelay	0.120052	120052	1	6
2.02005	Node7	0	4236	FullDelay	0.120052	120052	1	6
2.03005	Node7	0	82	LastDelay	0.120052	120052	1	6
2.03005	Node7	0	82	FullDelay	0.120052	120052	1	6
2.04005	Node7	0	281	LastDelay	0.120052	120052	1	6
2.04005	Node7	0	281	FullDelay	0.120052	120052	1	6
2.05005	Node7	0	1216	LastDelay	0.120052	120052	1	6
2.05005	Node7	0	1216	FullDelay	0.120052	120052	1	6
2.06005	Node7	0	214	LastDelay	0.120052	120052	1	6
2.06005	Node7	0	214	FullDelay	0.120052	120052	1	6
2.07005	Node7	0	3	LastDelay	0.120052	120052	1	6
2.07005	Node7	0	3	FullDelay	0.120052	120052	1	6
2.08005	Node7	0	5578	LastDelay	0.120052	120052	1	6
2.08005	Node7	0	5578	FullDelay	0.120052	120052	1	6
2.09005	Node7	0	1203	LastDelay	0.120052	120052	1	6
2.09005	Node7	0	1203	FullDelay	0.120052	120052	1	6
2.10005	Node7	0	18	LastDelay	0.0800521	80052.1	1	6
2.10005	Node7	0	18	FullDelay	0.120052	120052	2	6
2.11005	Node7	0	7031	LastDelay	0.120052	120052	1	6
2.11005	Node7	0	7031	FullDelay	0.120052	120052	1	6
2.12005	Node7	0	6039	LastDelay	0.120052	120052	1	6
2.12005	Node7	0	6039	FullDelay	0.120052	120052	1	6
2.13005	Node7	0	1091	LastDelay	0.120052	120052	1	6
2.13005	Node7	0	1091	FullDelay	0.120052	120052	1	6
2.15005	Node7	0	5884	LastDelay	0.120052	120052	1	6
2.15005	Node7	0	5884	FullDelay	0.120052	120052	1	6
2.16005	Node7	0	335	LastDelay	0.120052	120052	1	6
2.16005	Node7	0	335	FullDelay	0.120052	120052	1	6
2.17003	Node7	0	34	LastDelay	0.0800347	80034.7	1	4
2.17003	Node7	0	34	FullDelay	0.0800347	80034.7	1	4
2.17005	Node7	0	9	LastDelay	0.120052	120052	1	6
2.17005	Node7	0	9	FullDelay	0.120052	120052	1	6
2.18005	Node7	0	3336	LastDelay	0.120052	120052	1	6
2.18005	Node7	0	3336	FullDelay	0.120052	120052	1	6
2.19005	Node7	0	25	LastDelay	0.120052	120052	1	6
2.19005	Node7	0	25	FullDelay	0.120052	120052	1	6
2.20005	Node7	0	2626	LastDelay	0.120052	120052	1	6
2.20005	Node7	0	2626	FullDelay	0.120052	120052	1	6
2.22005	Node7	0	3314	LastDelay	0.120052	120052	1	6
2.22005	Node7	0	3314	FullDelay	0.120052	120052	1	6
2.23005	Node7	0	517	LastDelay	0.120052	120052	1	6
2.23005	Node7	0	517	FullDelay	0.120052	120052	1	6
2.24005	Node7	0	2768	LastDelay	0.120052	120052	1	6
2.24005	Node7	0	2768	FullDelay	0.120052	120052	1	6
2.25005	Node7	0	1044	LastDelay	0.120052	120052	1	6
2.25005	Node7	0	1044	FullDelay	0.120052	120052	1	6
2.26005	Node7	0	2834	LastDelay	0.120052	120052	1	6
2.26005	Node7	0	2834	FullDelay	0.120052	120052	1	6
2.27003	Node7	0	197	LastDelay	0.0800347	80034.7	1	4
2.27003	Node7	0	197	FullDelay	0.0800347	80034.7	1	4
2.27005	Node7	0	555	LastDelay	0.120052	120052	1	6
2.27005	Node7	0	555	FullDelay	0.120052	120052	1	6
2.28003	Node7	0	34	LastDelay	0.0800347	80034.7	1	4
2.28003	Node7	0	34	FullDelay	0.0800347	80034.7	1	4
2.28005	Node7	0	3856	LastDelay	0.120052	120052	1	6
2.28005	Node7	0	3856	FullDelay	0.120052	120052	1	6
2.29005	Node7	0	49	LastDelay	0.120052	120052	1	6
2.29005	Node7	0	49	FullDelay	0.120052	120052	1	6
2.30005	Node7	0	2388	LastDelay	0.120052	120052	1	6
2.30005	Node7	0	2388	FullDelay	0.120052	120052	1	6
2.33005	Node7	0	185	LastDelay	0.120052	120052	1	6
2.33005	Node7	0	185	FullDelay	0.120052	120052	1	6
2.34005	Node7	0	21	LastDelay	0.120052	120052	1	6
2.34005	Node7	0	21	FullDelay	0.120052	120052	1	6
2.35005	Node7	0	16	LastDelay	0.0700521	70052.1	1	6
2.35005	Node7	0	16	FullDelay	0.120052	120052	2	6
2.36005	Node7	0	106	LastDelay	0.120052	120052	1	6
2.36005	Node7	0	106	FullDelay	0.120052	120052	1	6
2.37005	Node7	0	5726	LastDelay	0.120052	120052	1	6
2.37005	Node7	0	5726	FullDelay	0.120052	120052	1	6
2.38005	Node7	0	189	LastDelay	0.120052	120052	1	6
2.38005	Node7	0	189	FullDelay	0.120052	120052	1	6
2.39005	Node7	0	223	LastDelay	0.120052	120052	1	6
2.39005	Node7	0	223	FullDelay	0.120052	120052	1	6
2.41005	Node7	0	422	LastDelay	0.120052	120052	1	6
2.41005	Node7	0	422	FullDelay	0.120052	120052	1	6
2.42005	Node7	0	9054	LastDelay	0.120052	120052	1	6
2.42005	Node7	0	9054	FullDelay	0.120052	120052	1	6
2.43005	Node7	0	2648	LastDelay	0.120052	120052	1	6
2.43005	Node7	0	2648	FullDelay	0.120052	120052	1	6
2.44005	Node7	0	9310	LastDelay	0.120052	120052	1	6
2.44005	Node7	0	9310	FullDelay	0.120052	120052	1	6
2.45005	Node7	0	17	LastDelay	0.120052	120052	1	6
2.45005	Node7	0	17	FullDelay	0.120052	120052	1	6
2.46005	Node7	0	2655	LastDelay	0.120052	120052	1	6
2.46005	Node7	0	2655	FullDelay	0.120052	120052	1	6
2.47004	Node7	0	82	LastDelay	0.100043	100043	1	5
2.47004	Node7	0	82	FullDelay	0.100043	100043	1	5
2.47005	Node7	0	5210	LastDelay	0.120052	120052	1	6
2.47005	Node7	0	5210	FullDelay	0.120052	120052	1	6
2.48005	Node7	0	647	LastDelay	0.120052	120052	1	6
2.48005	Node7	0	647	FullDelay	0.120052	120052	1	6
2.50005	Node7	0	6714	LastDelay	0.120052	120052	1	6
2.50005	Node7	0	6714	FullDelay	0.120052	120052	1	6
2.51005	Node7	0	4539	LastDelay	0.120052	120052	1	6
2.51005	Node7	0	4539	FullDelay	0.120052	120052	1	6
2.52002	Node7	0	265	LastDelay	0.0400174	40017.4	1	2
2.52002	Node7	0	265	FullDelay	0.0400174	40017.4	1	2
2.52005	Node7	0	5674	LastDelay	0.120052	120052	1	6
2.52005	Node7	0	5674	FullDelay	0.120052	120052	1	6
2.53005	Node7	0	2515	LastDelay	0.120052	120052	1	6
2.53005	Node7	0	2515	FullDelay	0.120052	120052	1	6
2.54001	Node7	0	1	LastDelay	0.0200087	20008.7	1	1
2.54001	Node7	0	1	FullDelay	0.0200087	20008.7	1	1
2.54005	Node7	0	397	LastDelay	0.120052	120052	1	6
2.54005	Node7	0	397	FullDelay	0.120052	120052	1	6
2.55005	Node7	0	7	LastDelay	0.120052	120052	1	6
2.55005	Node7	0	7	FullDelay	0.120052	120052	1	6
2.56005	Node7	0	64	LastDelay	0.120052	120052	1	6
2.56005	Node7	0	64	FullDelay	0.120052	120052	1	6
2.57005	Node7	0	8	LastDelay	0.120052	120052	1	6
2.57005	Node7	0	8	FullDelay	0.120052	120052	1	6
2.58005	Node7	0	3155	LastDelay	0.120052	120052	1	6
2.58005	Node7	0	3155	FullDelay	0.120052	120052	1	6
2.59005	Node7	0	1091	LastDelay	0.120052	120052	1	6
2.59005	Node7	0	1091	FullDelay	0.120052	120052	1	6
2.61005	Node7	0	1420	LastDelay	0.120052	120052	1	6
2.61005	Node7	0	1420	FullDelay	0.120052	120052	1	6
2.62005	Node7	0	3573	LastDelay	0.120052	120052	1	6
2.62005	Node7	0	3573	FullDelay	0.120052	120052	1	6
2.63005	Node7	0	4060	LastDelay	0.120052	120052	1	6
2.63005	Node7	0	4060	FullDelay	0.120052	120052	1	6
2.65005	Node7	0	1309	LastDelay	0.120052	120052	1	6
2.65005	Node7	0	1309	FullDelay	0.120052	120052	1	6
2.66005	Node7	0	990	LastDelay	0.120052	120052	1	6
2.66005	Node7	0	990	FullDelay	0.120052	120052	1	6
2.67005	Node7	0	2834	LastDelay	0.120052	120052	1	6
2.67005	Node7	0	2834	FullDelay	0.120052	120052	1	6
2.68005	Node7	0	3820	LastDelay	0.120052	120052	1	6
2.68005	Node7	0	3820	FullDelay	0.120052	120052	1	6
2.69005	Node7	0	635	LastDelay	0.120052	120052	1	6
2.69005	Node7	0	635	FullDelay	0.120052	120052	1	6
2.70005	Node7	0	2428	LastDelay	0.120052	120052	1	6
2.70005	Node7	0	2428	FullDelay	0.120052	120052	1	6
2.71	Node7	0	163	LastDelay	0	0	1	0
2.71	Node7	0	163	FullDelay	0	0	1	0
2.71005	Node7	0	4316	LastDelay	0.120052	120052	1	6
2.71005	Node7	0	4316	FullDelay	0.120052	120052	1	6
2.72005	Node7	0	7005	LastDelay	0.120052	120052	1	6
2.72005	Node7	0	7005	FullDelay	0.120052	120052	1	6
2.73005	Node7	0	1059	LastDelay	0.120052	120052	1	6
2.73005	Node7	0	1059	FullDelay	0.120052	120052	1	6
2.74005	Node7	0	629	LastDelay	0.120052	120052	1	6
2.74005	Node7	0	629	FullDelay	0.120052	120052	1	6
2.75005	Node7	0	120	LastDelay	0.120052	120052	1	6
2.75005	Node7	0	120	FullDelay	0.120052	120052	1	6
2.76005	Node7	0	309	LastDelay	0.120052	120052	1	6
2.76005	Node7	0	309	FullDelay	0.120052	120052	1	6
2.77005	Node7	0	556	LastDelay	0.120052	120052	1	6
2.77005	Node7	0	556	FullDelay	0.120052	120052	1	6
2.78005	Node7	0	1332	LastDelay	0.120052	120052	1	6
2.78005	Node7	0	1332	FullDelay	0.120052	120052	1	6
2.79005	Node7	0	298	LastDelay	0.120052	120052	1	6
2.79005	Node7	0	298	FullDelay	0.120052	120052	1	6
2.80005	Node7	0	6	LastDelay	0.120052	120052	1	6
2.80005	Node7	0	6	FullDelay	0.120052	120052	1	6
2.81005	Node7	0	3764	LastDelay	0.120052	120052	1	6
2.81005	Node7	0	3764	FullDelay	0.120052	120052	1	6
2.82005	Node7	0	2418	LastDelay	0.120052	120052	1	6
2.82005	Node7	0	2418	FullDelay	0.120052	120052	1	6
2.84005	Node7	0	7957	LastDelay	0.120052	120052	1	6
2.84005	Node7	0	7957	FullDelay	0.120052	120052	1	6
2.85005	Node7	0	8138	LastDelay	0.120052	120052	1	6
2.85005	Node7	0	8138	FullDelay	0.120052	120052	1	6
2.86001	Node7	0	1	LastDelay	0.0200087	20008.7	1	1
2.86001	Node7	0	1	FullDelay	0.0200087	20008.7	1	1
2.86005	Node7	0	7799	LastDelay	0.120052	120052	1	6
2.86005	Node7	0	7799	FullDelay	0.120052	120052	1	6
2.87005	Node7	0	152	LastDelay	0.120052	120052	1	6
2.87005	Node7	0	152	FullDelay	0.120052	120052	1	6
2.88005	Node7	0	1017	LastDelay	0.120052	120052	1	6
2.88005	Node7	0	1017	FullDelay	0.120052	120052	1	6
2.89005	Node7	0	3262	LastDelay	0.120052	120052	1	6
2.89005	Node7	0	3262	FullDelay	0.120052	120052	1	6
2.90001	Node7	0	9	LastDelay	0.0200087	20008.7	1	1
2.90001	Node7	0	9	FullDelay	0.0200087	20008.7	1	1
2.90005	Node7	0	725	LastDelay	0.120052	120052	1	6
2.90005	Node7	0	725	FullDelay	0.120052	120052	1	6
2.91005	Node7	0	143	LastDelay	0.120052	120052	1	6
2.91005	Node7	0	143	FullDelay	0.120052	120052	1	6
2.92005	Node7	0	1900	LastDelay	0.120052	120052	1	6
2.92005	Node7	0	1900	FullDelay	0.120052	120052	1	6
2.93003	Node7	0	6	LastDelay	0.060026	60026	1	3
2.93003	Node7	0	6	FullDelay	0.060026	60026	1	3
2.93005	Node7	0	1816	LastDelay	0.120052	120052	1	6
2.93005	Node7	0	1816	FullDelay	0.120052	120052	1	6
2.94005	Node7	0	53	LastDelay	0.120052	120052	1	6
2.94005	Node7	0	53	FullDelay	0.120052	120052	1	6
2.95005	Node7	0	74	LastDelay	0.120052	120052	1	6
2.95005	Node7	0	74	FullDelay	0.120052	120052	1	6
2.97005	Node7	0	8008	LastDelay	0.120052	120052	1	6
2.97005	Node7	0	8008	FullDelay	0.120052	120052	1	6
2.98005	Node7	0	665	LastDelay	0.120052	120052	1	6
2.98005	Node7	0	665	FullDelay	0.120052	120052	1	6
3.01005	Node7	0	4209	LastDelay	0.120052	120052	1	6
3.01005	Node7	0	4209	FullDelay	0.120052	120052	1	6
3.02005	Node7	0	647	LastDelay	0.120052	120052	1	6
3.02005	Node7	0	647	FullDelay	0.120052	120052	1	6
3.03002	Node7	0	4	LastDelay	0.0400174	40017.4	1	2
3.03002	Node7	0	4	FullDelay	0.0400174	40017.4	1	2
3.03003	Node7	0	22	LastDelay	0.0800347	80034.7	1	4
3.03003	Node7	0	22	FullDelay	0.0800347	80034.7	1	4
3.03005	Node7	0	220	LastDelay	0.120052	120052	1	6
3.03005	Node7	0	220	FullDelay	0.120052	120052	1	6
3.04005	Node7	0	4310	LastDelay	0.120052	120052	1	6
3.04005	Node7	0	4310	FullDelay	0.120052	120052	1	6
3.05005	Node7	0	119	LastDelay	0.120052	120052	1	6
3.05005	Node7	0	119	FullDelay	0.120052	120052	1	6
3.06005	Node7	0	7122	LastDelay	0.120052	120052	1	6
3.06005	Node7	0	7122	FullDelay	0.120052	120052	1	6
3.08005	Node7	0	1040	LastDelay	0.120052	120052	1	6
3.08005	Node7	0	1040	FullDelay	0.120052	120052	1	6
3.09005	Node7	0	9825	LastDelay	0.120052	120052	1	6
3.09005	Node7	0	9825	FullDelay	0.120052	120052	1	6
3.10005	Node7	0	3415	LastDelay	0.120052	120052	1	6
3.10005	Node7	0	3415	FullDelay	0.120052	120052	1	6
3.12005	Node7	0	154	LastDelay	0.120052	120052	1	6
3.12005	Node7	0	154	FullDelay	0.120052	120052	1	6
3.13005	Node7	0	888	LastDelay	0.120052	120052	1	6
3.13005	Node7	0	888	FullDelay	0.120052	120052	1	6
3.14005	Node7	0	1565	LastDelay	0.120052	120052	1	6
3.14005	Node7	0	1565	FullDelay	0.120052	120052	1	6
3.15005	Node7	0	2242	LastDelay	0.120052	120052	1	6
3.15005	Node7	0	2242	FullDelay	0.120052	120052	1	6
3.16005	Node7	0	2469	LastDelay	0.120052	120052	1	6
3.16005	Node7	0	2469	FullDelay	0.120052	120052	1	6
3.17005	Node7	0	6268	LastDelay	0.120052	120052	1	6
3.17005	Node7	0	6268	FullDelay	0.120052	120052	1	6
3.18005	Node7	0	5135	LastDelay	0.120052	120052	1	6
3.18005	Node7	0	5135	FullDelay	0.120052	120052	1	6
3.19005	Node7	0	2184	LastDelay	0.120052	120052	1	6
3.19005	Node7	0	2184	FullDelay	0.120052	120052	1	6
3.20005	Node7	0	57	LastDelay	0.120052	120052	1	6
3.20005	Node7	0	57	FullDelay	0.120052	120052	1	6
3.21003	Node7	0	35	LastDelay	0.060026	60026	1	3
3.21003	Node7	0	35	FullDelay	0.060026	60026	1	3
3.21005	Node7	0	1984	LastDelay	0.120052	120052	1	6
3.21005	Node7	0	1984	FullDelay	0.120052	120052	1	6
3.22005	Node7	0	1330	LastDelay	0.120052	120052	1	6
3.22005	Node7	0	1330	FullDelay	0.120052	120052	1	6
3.23005	Node7	0	3985	LastDelay	0.120052	120052	1	6
3.23005	Node7	0	3985	FullDelay	0.120052	120052	1	6
3.24005	Node7	0	1550	LastDelay	0.120052	120052	1	6
3.24005	Node7	0	1550	FullDelay	0.120052	120052	1	6
3.25005	Node7	0	289	LastDelay	0.120052	120052	1	6
3.25005	Node7	0	289	FullDelay	0.120052	120052	1	6
3.26005	Node7	0	8476	LastDelay	0.120052	120052	1	6
3.26005	Node7	0	8476	FullDelay	0.120052	120052	1	6
3.28005	Node7	0	12	LastDelay	0.120052	120052	1	6
3.28005	Node7	0	12	FullDelay	0.120052	120052	1	6
3.29005	Node7	0	2153	LastDelay	0.120052	120052	1	6
3.29005	Node7	0	2153	FullDelay	0.120052	120052	1	6
3.30003	Node7	0	71	LastDelay	0.060026	60026	1	3
3.30003	Node7	0	71	FullDelay	0.060026	60026	1	3
3.30005	Node7	0	9891	LastDelay	0.120052	120052	1	6
3.30005	Node7	0	9891	FullDelay	0.120052	120052	1	6
3.31	Node7	0	35	LastDelay	0	0	1	0
3.31	Node7	0	35	FullDelay	0	0	1	0
3.31005	Node7	0	3	LastDelay	0.120052	120052	1	6
3.31005	Node7	0	3	FullDelay	0.120052	120052	1	6
3.32002	Node7	0	4	LastDelay	0.0400174	40017.4	1	2
3.32002	Node7	0	4	FullDelay	0.0400174	40017.4	1	2
3.32005	Node7	0	174	LastDelay	0.120052	120052	1	6
3.32005	Node7	0	174	FullDelay	0.120052	120052	1	6
3.33005	Node7	0	5638	LastDelay	0.120052	120052	1	6
3.33005	Node7	0	5638	FullDelay	0.120052	120052	1	6
3.34005	Node7	0	68	LastDelay	0.120052	120052	1	6
3.34005	Node7	0	68	FullDelay	0.120052	120052	1	6
3.35005	Node7	0	291	LastDelay	0.120052	120052	1	6
3.35005	Node7	0	291	FullDelay	0.120052	120052	1	6
3.36	Node7	0	1	LastDelay	0	0	1	0
3.36	Node7	0	1	FullDelay	0	0	1	0
3.37005	Node7	0	249	LastDelay	0.120052	120052	1	6
3.37005	Node7	0	249	FullDelay	0.120052	120052	1	6
3.38005	Node7	0	2651	LastDelay	0.120052	120052	1	6
3.38005	Node7	0	2651	FullDelay	0.120052	120052	1	6
3.39005	Node7	0	81	LastDelay	0.120052	120052	1	6
3.39005	Node7	0	81	FullDelay	0.120052	120052	1	6
3.41005	Node7	0	2401	LastDelay	0.120052	120052	1	6
3.41005	Node7	0	2401	FullDelay	0.120052	120052	1	6
3.42005	Node7	0	5982	LastDelay	0.120052	120052	1	6
3.42005	Node7	0	5982	FullDelay	0.120052	120052	1	6
3.44005	Node7	0	474	LastDelay	0.120052	120052	1	6
3.44005	Node7	0	474	FullDelay	0.120052	120052	1	6
3.45	Node7	0	197	LastDelay	0	0	1	0
3.45	Node7	0	197	FullDelay	0	0	1	0
3.45005	Node7	0	4496	LastDelay	0.120052	120052	1	6
3.45005	Node7	0	4496	FullDelay	0.120052	120052	1	6
3.46005	Node7	0	9821	LastDelay	0.120052	120052	1	6
3.46005	Node7	0	9821	FullDelay	0.120052	120052	1	6
3.47005	Node7	0	61	LastDelay	0.120052	120052	1	6
3.47005	Node7	0	61	FullDelay	0.120052	120052	1	6
3.49005	Node7	0	239	LastDelay	0.120052	120052	1	6
3.49005	Node7	0	239	FullDelay	0.120052	120052	1	6
3.50005	Node7	0	2805	LastDelay	0.120052	120052	1	6
3.50005	Node7	0	2805	FullDelay	0.120052	120052	1	6
3.51	Node7	0	1	LastDelay	0	0	1	0
3.51	Node7	0	1	FullDelay	0	0	1	0
3.51005	Node7	0	4942	LastDelay	0.120052	120052	1	6
3.51005	Node7	0	4942	FullDelay	0.120052	120052	1	6
3.52005	Node7	0	6912	LastDelay	0.120052	120052	1	6
3.52005	Node7	0	6912	FullDelay	0.120052	120052	1	6
3.53005	Node7	0	1016	LastDelay	0.120052	120052	1	6
3.53005	Node7	0	1016	FullDelay	0.120052	120052	1	6
3.54	Node7	0	1	LastDelay	0	0	1	0
3.54	Node7	0	1	FullDelay	0	0	1	0
3.54005	Node7	0	52	LastDelay	0.120052	120052	1	6
3.54005	Node7	0	52	FullDelay	0.120052	120052	1	6
3.55005	Node7	0	6808	LastDelay	0.120052	120052	1	6
3.55005	Node7	0	6808	FullDelay	0.120052	120052	1	6
3.56005	Node7	0	5443	LastDelay	0.120052	120052	1	6
3.56005	Node7	0	5443	FullDelay	0.120052	120052	1	6
3.58005	Node7	0	244	LastDelay	0.120052	120052	1	6
3.58005	Node7	0	244	FullDelay	0.120052	120052	1	6
3.59005	Node7	0	7380	LastDelay	0.120052	120052	1	6
3.59005	Node7	0	7380	FullDelay	0.120052	120052	1	6
3.60005	Node7	0	9103	LastDelay	0.120052	120052	1	6
3.60005	Node7	0	9103	FullDelay	0.120052	120052	1	6
3.61001	Node7	0	48	LastDelay	0.0200087	20008.7	1	1
3.61001	Node7	0	48	FullDelay	0.0200087	20008.7	1	1
3.61005	Node7	0	905	LastDelay	0.120052	120052	1	6
3.61005	Node7	0	905	FullDelay	0.120052	120052	1	6
3.62005	Node7	0	572	LastDelay	0.120052	120052	1	6
3.62005	Node7	0	572	FullDelay	0.120052	120052	1	6
3.64005	Node7	0	4243	LastDelay	0.120052	120052	1	6
3.64005	Node7	0	4243	FullDelay	0.120052	120052	1	6
3.65005	Node7	0	9329	LastDelay	0.120052	120052	1	6
3.65005	Node7	0	9329	FullDelay	0.120052	120052	1	6
3.67005	Node7	0	1720	LastDelay	0.120052	120052	1	6
3.67005	Node7	0	1720	FullDelay	0.120052	120052	1	6
3.68005	Node7	0	1225	LastDelay	0.120052	120052	1	6
3.68005	Node7	0	1225	FullDelay	0.120052	120052	1	6
3.69005	Node7	0	2166	LastDelay	0.120052	120052	1	6
3.69005	Node7	0	2166	FullDelay	0.120052	120052	1	6
3.70005	Node7	0	3820	LastDelay	0.120052	120052	1	6
3.70005	Node7	0	3820	FullDelay	0.120052	120052	1	6
3.72001	Node7	0	9	LastDelay	0.0200087	20008.7	1	1
3.72001	Node7	0	9	FullDelay	0.0200087	20008.7	1	1
3.72005	Node7	0	105	LastDelay	0.120052	120052	1	6
3.72005	Node7	0	105	FullDelay	0.120052	120052	1	6
3.73005	Node7	0	6052	LastDelay	0.120052	120052	1	6
3.73005	Node7	0	6052	FullDelay	0.120052	120052	1	6
3.74005	Node7	0	13	LastDelay	0.120052	120052	1	6
3.74005	Node7	0	13	FullDelay	0.120052	120052	1	6
3.75005	Node7	0	1895	LastDelay	0.120052	120052	1	6
3.75005	Node7	0	1895	FullDelay	0.120052	120052	1	6
3.76005	Node7	0	1404	LastDelay	0.120052	120052	1	6
3.76005	Node7	0	1404	FullDelay	0.120052	120052	1	6
3.77005	Node7	0	214	LastDelay	0.120052	120052	1	6
3.77005	Node7	0	214	FullDelay	0.120052	120052	1	6
3.78005	Node7	0	2033	LastDelay	0.120052	120052	1	6
3.78005	Node7	0	2033	FullDelay	0.120052	120052	1	6
3.79003	Node7	0	902	LastDelay	0.0600261	60026.1	1	3
3.79003	Node7	0	902	FullDelay	0.0600261	60026.1	1	3
3.79005	Node7	0	6588	LastDelay	0.120052	120052	1	6
3.79005	Node7	0	6588	FullDelay	0.120052	120052	1	6
3.80005	Node7	0	6240	LastDelay	0.120052	120052	1	6
3.80005	Node7	0	6240	FullDelay	0.120052	120052	1	6
3.81005	Node7	0	3488	LastDelay	0.120052	120052	1	6
3.81005	Node7	0	3488	FullDelay	0.120052	120052	1	6
3.82	Node7	0	1	LastDelay	0	0	1	0
3.82	Node7	0	1	FullDelay	0	0	1	0
3.83003	Node7	0	143	LastDelay	0.0800347	80034.7	1	4
3.83003	Node7	0	143	FullDelay	0.0800347	80034.7	1	4
3.83005	Node7	0	2416	LastDelay	0.120052	120052	1	6
3.83005	Node7	0	2416	FullDelay	0.120052	120052	1	6
3.84005	Node7	0	5817	LastDelay	0.120052	120052	1	6
3.84005	Node7	0	5817	FullDelay	0.120052	120052	1	6
3.86005	Node7	0	3	LastDelay	0.120052	120052	1	6
3.86005	Node7	0	3	FullDelay	0.120052	120052	1	6
3.88002	Node7	0	189	LastDelay	0.0400174	40017.4	1	2
3.88002	Node7	0	189	FullDelay	0.0400174	40017.4	1	2
3.88005	Node7	0	57	LastDelay	0.120052	120052	1	6
3.88005	Node7	0	57	FullDelay	0.120052	120052	1	6
3.89005	Node7	0	60	LastDelay	0.120052	120052	1	6
3.89005	Node7	0	60	FullDelay	0.120052	120052	1	6
3.90002	Node7	0	1221	LastDelay	0.0400174	40017.4	1	2
3.90002	Node7	0	1221	FullDelay	0.0400174	40017.4	1	2
3.90005	Node7	0	8240	LastDelay	0.120052	120052	1	6
3.90005	Node7	0	8240	FullDelay	0.120052	120052	1	6
3.91005	Node7	0	567	LastDelay	0.120052	120052	1	6
3.91005	Node7	0	567	FullDelay	0.120052	120052	1	6
3.92005	Node7	0	968	LastDelay	0.120052	120052	1	6
3.92005	Node7	0	968	FullDelay	0.120052	120052	1	6
3.93005	Node7	0	1534	LastDelay	0.120052	120052	1	6
3.93005	Node7	0	1534	FullDelay	0.120052	120052	1	6
3.95005	Node7	0	6316	LastDelay	0.120052	120052	1	6
3.95005	Node7	0	6316	FullDelay	0.120052	120052	1	6
3.97005	Node7	0	1697	LastDelay	0.120052	120052	1	6
3.97005	Node7	0	1697	FullDelay	0.120052	120052	1	6
3.99005	Node7	0	4453	LastDelay	0.120052	120052	1	6
3.99005	Node7	0	4453	FullDelay	0.120052	120052	1	6
4.00005	Node7	0	7271	LastDelay	0.120052	120052	1	6
4.00005	Node7	0	7271	FullDelay	0.120052	120052	1	6
4.01005	Node7	0	3168	LastDelay	0.120052	120052	1	6
4.01005	Node7	0	3168	FullDelay	0.120052	120052	1	6
4.02005	Node7	0	5922	LastDelay	0.120052	120052	1	6
4.02005	Node7	0	5922	FullDelay	0.120052	120052	1	6
4.03005	Node7	0	3262	LastDelay	0.120052	120052	1	6
4.03005	Node7	0	3262	FullDelay	0.120052	120052	1	6
4.04005	Node7	0	49	LastDelay	0.120052	120052	1	6
4.04005	Node7	0	49	FullDelay	0.120052	120052	1	6
4.05005	Node7	0	158	LastDelay	0.120052	120052	1	6
4.05005	Node7	0	158	FullDelay	0.120052	120052	1	6
4.06005	Node7	0	2355	LastDelay	0.120052	120052	1	6
4.06005	Node7	0	2355	FullDelay	0.120052	120052	1	6
4.07005	Node7	0	6370	LastDelay	0.120052	120052	1	6
4.07005	Node7	0	6370	FullDelay	0.120052	120052	1	6
4.08005	Node7	0	442	LastDelay	0.120052	120052	1	6
4.08005	Node7	0	442	FullDelay	0.120052	120052	1	6
4.09005	Node7	0	3481	LastDelay	0.120052	120052	1	6
4.09005	Node7	0	3481	FullDelay	0.120052	120052	1	6
4.10005	Node7	0	8405	LastDelay	0.120052	120052	1	6
4.10005	Node7	0	8405	FullDelay	0.120052	120052	1	6
4.11005	Node7	0	14	LastDelay	0.120052	120052	1	6
4.11005	Node7	0	14	FullDelay	0.120052	120052	1	6
4.12004	Node7	0	2416	LastDelay	0.100043	100043	1	5
4.12004	Node7	0	2416	FullDelay	0.100043	100043	1	5
4.12005	Node7	0	1912	LastDelay	0.120052	120052	1	6
4.12005	Node7	0	1912	FullDelay	0.120052	120052	1	6
4.13005	Node7	0	6434	LastDelay	0.120052	120052	1	6
4.13005	Node7	0	6434	FullDelay	0.120052	120052	1	6
4.15005	Node7	0	466	LastDelay	0.120052	120052	1	6
4.15005	Node7	0	466	FullDelay	0.120052	120052	1	6
4.16005	Node7	0	86	LastDelay	0.120052	120052	1	6
4.16005	Node7	0	86	FullDelay	0.120052	120052	1	6
4.17005	Node7	0	10	LastDelay	0.120052	120052	1	6
4.17005	Node7	0	10	FullDelay	0.120052	120052	1	6
4.18	Node7	0	35	LastDelay	0	0	1	0
4.18	Node7	0	35	FullDelay	0	0	1	0
4.18005	Node7	0	8183	LastDelay	0.120052	120052	1	6
4.18005	Node7	0	8183	FullDelay	0.120052	120052	1	6
4.19005	Node7	0	3786	LastDelay	0.120052	120052	1	6
4.19005	Node7	0	3786	FullDelay	0.120052	120052	1	6
4.20005	Node7	0	4934	LastDelay	0.120052	120052	1	6
4.20005	Node7	0	4934	FullDelay	0.120052	120052	1	6
4.21005	Node7	0	1350	LastDelay	0.120052	120052	1	6
4.21005	Node7	0	1350	FullDelay	0.120052	120052	1	6
4.22005	Node7	0	1372	LastDelay	0.120052	120052	1	6
4.22005	Node7	0	1372	FullDelay	0.120052	120052	1	6
4.23005	Node7	0	383	LastDelay	0.120052	120052	1	6
4.23005	Node7	0	383	FullDelay	0.120052	120052	1	6
4.24005	Node7	0	3095	LastDelay	0.120052	120052	1	6
4.24005	Node7	0	3095	FullDelay	0.120052	120052	1	6
4.25003	Node7	0	6	LastDelay	0.060026	60026	1	3
4.25003	Node7	0	6	FullDelay	0.060026	60026	1	3
4.25005	Node7	0	1967	LastDelay	0.120052	120052	1	6
4.25005	Node7	0	1967	FullDelay	0.120052	120052	1	6
4.26005	Node7	0	2597	LastDelay	0.120052	120052	1	6
4.26005	Node7	0	2597	FullDelay	0.120052	120052	1	6
4.27005	Node7	0	2198	LastDelay	0.120052	120052	1	6
4.27005	Node7	0	2198	FullDelay	0.120052	120052	1	6
4.28005	Node7	0	6243	LastDelay	0.120052	120052	1	6
4.28005	Node7	0	6243	FullDelay	0.120052	120052	1	6
4.29005	Node7	0	211	LastDelay	0.120052	120052	1	6
4.29005	Node7	0	211	FullDelay	0.120052	120052	1	6
4.32005	Node7	0	1455	LastDelay	0.120052	120052	1	6
4.32005	Node7	0	1455	FullDelay	0.120052	120052	1	6
4.33001	Node7	0	2	LastDelay	0.0200087	20008.7	1	1
4.33001	Node7	0	2	FullDelay	0.0200087	20008.7	1	1
4.33005	Node7	0	1057	LastDelay	0.120052	120052	1	6
4.33005	Node7	0	1057	FullDelay	0.120052	120052	1	6
4.34005	Node7	0	3512	LastDelay	0.120052	120052	1	6
4.34005	Node7	0	3512	FullDelay	0.120052	120052	1	6
4.35003	Node7	0	119	LastDelay	0.0800347	80034.7	1	4
4.35003	Node7	0	119	FullDelay	0.0800347	80034.7	1	4
4.35005	Node7	0	828	LastDelay	0.120052	120052	1	6
4.35005	Node7	0	828	FullDelay	0.120052	120052	1	6
4.36005	Node7	0	7655	LastDelay	0.120052	120052	1	6
4.36005	Node7	0	7655	FullDelay	0.120052	120052	1	6
4.37005	Node7	0	9103	LastDelay	0.120052	120052	1	6
4.37005	Node7	0	9103	FullDelay	0.120052	120052	1	6
4.38005	Node7	0	372	LastDelay	0.120052	120052	1	6
4.38005	Node7	0	372	FullDelay	0.120052	120052	1	6
4.40003	Node7	0	933	LastDelay	0.0800348	80034.8	1	4
4.40003	Node7	0	933	FullDelay	0.0800348	80034.8	1	4
4.40005	Node7	0	3792	LastDelay	0.120052	120052	1	6
4.40005	Node7	0	3792	FullDelay	0.120052	120052	1	6
4.41005	Node7	0	160	LastDelay	0.120052	120052	1	6
4.41005	Node7	0	160	FullDelay	0.120052	120052	1	6
4.42002	Node7	0	2626	LastDelay	0.0400174	40017.4	1	2
4.42002	Node7	0	2626	FullDelay	0.0400174	40017.4	1	2
4.42005	Node7	0	8	LastDelay	0.120052	120052	1	6
4.42005	Node7	0	8	FullDelay	0.120052	120052	1	6
4.45005	Node7	0	873	LastDelay	0.120052	120052	1	6
4.45005	Node7	0	873	FullDelay	0.120052	120052	1	6
4.46005	Node7	0	4031	LastDelay	0.120052	120052	1	6
4.46005	Node7	0	4031	FullDelay	0.120052	120052	1	6
4.47005	Node7	0	7613	LastDelay	0.120052	120052	1	6
4.47005	Node7	0	7613	FullDelay	0.120052	120052	1	6
4.48005	Node7	0	1612	LastDelay	0.120052	120052	1	6
4.48005	Node7	0	1612	FullDelay	0.120052	120052	1	6
4.49005	Node7	0	52	LastDelay	0.120052	120052	1	6
4.49005	Node7	0	52	FullDelay	0.120052	120052	1	6
4.51005	Node7	0	2221	LastDelay	0.120052	120052	1	6
4.51005	Node7	0	2221	FullDelay	0.120052	120052	1	6
4.52005	Node7	0	655	LastDelay	0.120052	120052	1	6
4.52005	Node7	0	655	FullDelay	0.120052	120052	1	6
4.53005	Node7	0	8777	LastDelay	0.120052	120052	1	6
4.53005	Node7	0	8777	FullDelay	0.120052	120052	1	6
4.54005	Node7	0	7759	LastDelay	0.120052	120052	1	6
4.54005	Node7	0	7759	FullDelay	0.120052	120052	1	6
4.55005	Node7	0	2052	LastDelay	0.120052	120052	1	6
4.55005	Node7	0	2052	FullDelay	0.120052	120052	1	6
4.56005	Node7	0	18	LastDelay	0.120052	120052	1	6
4.56005	Node7	0	18	FullDelay	0.120052	120052	1	6
4.57005	Node7	0	4388	LastDelay	0.120052	120052	1	6
4.57005	Node7	0	4388	FullDelay	0.120052	120052	1	6
4.58005	Node7	0	4191	LastDelay	0.120052	120052	1	6
4.58005	Node7	0	4191	FullDelay	0.120052	120052	1	6
4.59005	Node7	0	2619	LastDelay	0.120052	120052	1	6
4.59005	Node7	0	2619	FullDelay	0.120052	120052	1	6
4.60005	Node7	0	9520	LastDelay	0.120052	120052	1	6
4.60005	Node7	0	9520	FullDelay	0.120052	120052	1	6
4.61005	Node7	0	985	LastDelay	0.120052	120052	1	6
4.61005	Node7	0	985	FullDelay	0.120052	120052	1	6
4.62005	Node7	0	5526	LastDelay	0.120052	120052	1	6
4.62005	Node7	0	5526	FullDelay	0.120052	120052	1	6
4.63005	Node7	0	9035	LastDelay	0.120052	120052	1	6
4.63005	Node7	0	9035	FullDelay	0.120052	120052	1	6
4.64005	Node7	0	203	LastDelay	0.120052	120052	1	6
4.64005	Node7	0	203	FullDelay	0.120052	120052	1	6
4.65003	Node7	0	32	LastDelay	0.060026	60026	1	3
4.65003	Node7	0	32	FullDelay	0.060026	60026	1	3
4.65005	Node7	0	7566	LastDelay	0.120052	120052	1	6
4.65005	Node7	0	7566	FullDelay	0.120052	120052	1	6
4.66005	Node7	0	129	LastDelay	0.120052	120052	1	6
4.66005	Node7	0	129	FullDelay	0.120052	120052	1	6
4.67005	Node7	0	39	LastDelay	0.0500521	50052.1	1	6
4.67005	Node7	0	39	FullDelay	0.120052	120052	2	6
4.68005	Node7	0	236	LastDelay	0.120052	120052	1	6
4.68005	Node7	0	236	FullDelay	0.120052	120052	1	6
4.69005	Node7	0	314	LastDelay	0.120052	120052	1	6
4.69005	Node7	0	314	FullDelay	0.120052	120052	1	6
4.70005	Node7	0	456	LastDelay	0.120052	120052	1	6
4.70005	Node7	0	456	FullDelay	0.120052	120052	1	6
4.72005	Node7	0	969	LastDelay	0.120052	120052	1	6
4.72005	Node7	0	969	FullDelay	0.120052	120052	1	6
4.73005	Node7	0	5522	LastDelay	0.120052	120052	1	6
4.73005	Node7	0	5522	FullDelay	0.120052	120052	1	6
4.75005	Node7	0	327	LastDelay	0.120052	120052	1	6
4.75005	Node7	0	327	FullDelay	0.120052	120052	1	6
4.76005	Node7	0	2795	LastDelay	0.120052	120052	1	6
4.76005	Node7	0	2795	FullDelay	0.120052	120052	1	6
4.77003	Node7	0	494	LastDelay	0.0800348	80034.8	1	4
4.77003	Node7	0	494	FullDelay	0.0800348	80034.8	1	4
4.77005	Node7	0	3097	LastDelay	0.120052	120052	1	6
4.77005	Node7	0	3097	FullDelay	0.120052	120052	1	6
4.78005	Node7	0	18	LastDelay	0.120052	120052	1	6
4.78005	Node7	0	18	FullDelay	0.120052	120052	1	6
4.79005	Node7	0	4644	LastDelay	0.120052	120052	1	6
4.79005	Node7	0	4644	FullDelay	0.120052	120052	1	6
4.80003	Node7	0	8	LastDelay	0.0800347	80034.7	1	4
4.80003	Node7	0	8	FullDelay	0.0800347	80034.7	1	4
4.80005	Node7	0	2403	LastDelay	0.120052	120052	1	6
4.80005	Node7	0	2403	FullDelay	0.120052	120052	1	6
4.82005	Node7	0	1124	LastDelay	0.120052	120052	1	6
4.82005	Node7	0	1124	FullDelay	0.120052	120052	1	6
4.83005	Node7	0	69	LastDelay	0.120052	120052	1	6
4.83005	Node7	0	69	FullDelay	0.120052	120052	1	6
4.85005	Node7	0	8872	LastDelay	0.120052	120052	1	6
4.85005	Node7	0	8872	FullDelay	0.120052	120052	1	6
4.86005	Node7	0	9869	LastDelay	0.120052	120052	1	6
4.86005	Node7	0	9869	FullDelay	0.120052	120052	1	6
4.87005	Node7	0	4290	LastDelay	0.120052	120052	1	6
4.87005	Node7	0	4290	FullDelay	0.120052	120052	1	6
4.88005	Node7	0	3775	LastDelay	0.120052	120052	1	6
4.88005	Node7	0	3775	FullDelay	0.120052	120052	1	6
4.89005	Node7	0	2255	LastDelay	0.120052	120052	1	6
4.89005	Node7	0	2255	FullDelay	0.120052	120052	1	6
4.90005	Node7	0	24	LastDelay	0.120052	120052	1	6
4.90005	Node7	0	24	FullDelay	0.120052	120052	1	6
4.91005	Node7	0	8520	LastDelay	0.120052	120052	1	6
4.91005	Node7	0	8520	FullDelay	0.120052	120052	1	6
4.92005	Node7	0	4849	LastDelay	0.120052	120052	1	6
4.92005	Node7	0	4849	FullDelay	0.120052	120052	1	6
4.93005	Node7	0	207	LastDelay	0.120052	120052	1	6
4.93005	Node7	0	207	FullDelay	0.120052	120052	1	6
4.94005	Node7	0	7080	LastDelay	0.120052	120052	1	6
4.94005	Node7	0	7080	FullDelay	0.120052	120052	1	6
4.95005	Node7	0	8812	LastDelay	0.120052	120052	1	6
4.95005	Node7	0	8812	FullDelay	0.120052	120052	1	6
4.96	Node7	0	1	LastDelay	0	0	1	0
4.96	Node7	0	1	FullDelay	0	0	1	0
4.96001	Node7	0	9	LastDelay	0.0200087	20008.7	1	1
4.96001	Node7	0	9	FullDelay	0.0200087	20008.7	1	1
4.96005	Node7	0	1991	LastDelay	0.120052	120052	1	6
4.96005	Node7	0	1991	FullDelay	0.120052	120052	1	6
4.97005	Node7	0	956	LastDelay	0.120052	120052	1	6
4.97005	Node7	0	956	FullDelay	0.120052	120052	1	6
4.98003	Node7	0	314	LastDelay	0.0600261	60026.1	1	3
4.98003	Node7	0	314	FullDelay	0.0600261	60026.1	1	3
4.98005	Node7	0	6438	LastDelay	0.120052	120052	1	6
4.98005	Node7	0	6438	FullDelay	0.120052	120052	1	6
4.99005	Node7	0	9916	LastDelay	0.120052	120052	1	6
4.99005	Node7	0	9916	FullDelay	0.120052	120052	1	6
5.00005	Node7	0	2430	LastDelay	0.120052	120052	1	6
5.00005	Node7	0	2430	FullDelay	0.120052	120052	1	6
5.01005	Node7	0	153	LastDelay	0.120052	120052	1	6
5.01005	Node7	0	153	FullDelay	0.120052	120052	1	6
5.02005	Node7	0	4534	LastDelay	0.120052	120052	1	6
5.02005	Node7	0	4534	FullDelay	0.120052	120052	1	6
5.03005	Node7	0	149	LastDelay	0.120052	120052	1	6
5.03005	Node7	0	149	FullDelay	0.120052	120052	1	6
5.05005	Node7	0	43	LastDelay	0.120052	120052	1	6
5.05005	Node7	0	43	FullDelay	0.120052	120052	1	6
5.07005	Node7	0	2945	LastDelay	0.120052	120052	1	6
5.07005	Node7	0	2945	FullDelay	0.120052	120052	1	6
5.09005	Node7	0	9595	LastDelay	0.120052	120052	1	6
5.09005	Node7	0	9595	FullDelay	0.120052	120052	1	6
5.10005	Node7	0	441	LastDelay	0.120052	120052	1	6
5.10005	Node7	0	441	FullDelay	0.120052	120052	1	6
5.11005	Node7	0	281	LastDelay	0.120052	120052	1	6
5.11005	Node7	0	281	FullDelay	0.120052	120052	1	6
5.12005	Node7	0	61	LastDelay	0.120052	120052	1	6
5.12005	Node7	0	61	FullDelay	0.120052	120052	1	6
5.13005	Node7	0	3	LastDelay	0.120052	120052	1	6
5.13005	Node7	0	3	FullDelay	0.120052	120052	1	6
5.14005	Node7	0	237	LastDelay	0.120052	120052	1	6
5.14005	Node7	0	237	FullDelay	0.120052	120052	1	6
5.15005	Node7	0	4652	LastDelay	0.120052	120052	1	6
5.15005	Node7	0	4652	FullDelay	0.120052	120052	1	6
5.16005	Node7	0	305	LastDelay	0.120052	120052	1	6
5.16005	Node7	0	305	FullDelay	0.120052	120052	1	6
5.17005	Node7	0	131	LastDelay	0.120052	120052	1	6
5.17005	Node7	0	131	FullDelay	0.120052	120052	1	6
5.18005	Node7	0	1148	LastDelay	0.120052	120052	1	6
5.18005	Node7	0	1148	FullDelay	0.120052	120052	1	6
5.19005	Node7	0	7412	LastDelay	0.120052	120052	1	6
5.19005	Node7	0	7412	FullDelay	0.120052	120052	1	6
5.20005	Node7	0	896	LastDelay	0.120052	120052	1	6
5.20005	Node7	0	896	FullDelay	0.120052	120052	1	6
5.21005	Node7	0	854	LastDelay	0.120052	120052	1	6
5.21005	Node7	0	854	FullDelay	0.120052	120052	1	6
5.22005	Node7	0	9315	LastDelay	0.120052	120052	1	6
5.22005	Node7	0	9315	FullDelay	0.120052	120052	1	6
5.23005	Node7	0	8808	LastDelay	0.120052	120052	1	6
5.23005	Node7	0	8808	FullDelay	0.120052	120052	1	6
5.24005	Node7	0	17	LastDelay	0.120052	120052	1	6
5.24005	Node7	0	17	FullDelay	0.120052	120052	1	6
5.25005	Node7	0	3095	LastDelay	0.120052	120052	1	6
5.25005	Node7	0	3095	FullDelay	0.120052	120052	1	6
5.26005	Node7	0	1301	LastDelay	0.120052	120052	1	6
5.26005	Node7	0	1301	FullDelay	0.120052	120052	1	6
5.27005	Node7	0	1919	LastDelay	0.120052	120052	1	6
5.27005	Node7	0	1919	FullDelay	0.120052	120052	1	6
5.28005	Node7	0	342	LastDelay	0.120052	120052	1	6
5.28005	Node7	0	342	FullDelay	0.120052	120052	1	6
5.29005	Node7	0	9363	LastDelay	0.120052	120052	1	6
5.29005	Node7	0	9363	FullDelay	0.120052	120052	1	6
5.30005	Node7	0	1944	LastDelay	0.120052	120052	1	6
5.30005	Node7	0	1944	FullDelay	0.120052	120052	1	6
5.31005	Node7	0	136	LastDelay	0.120052	120052	1	6
5.31005	Node7	0	136	FullDelay	0.120052	120052	1	6
5.32005	Node7	0	9709	LastDelay	0.120052	120052	1	6
5.32005	Node7	0	9709	FullDelay	0.120052	120052	1	6
5.33005	Node7	0	691	LastDelay	0.120052	120052	1	6
5.33005	Node7	0	691	FullDelay	0.120052	120052	1	6
5.34005	Node7	0	4005	LastDelay	0.120052	120052	1	6
5.34005	Node7	0	4005	FullDelay	0.120052	120052	1	6
5.35005	Node7	0	9819	LastDelay	0.120052	120052	1	6
5.35005	Node7	0	9819	FullDelay	0.120052	120052	1	6
5.36005	Node7	0	7190	LastDelay	0.120052	120052	1	6
5.36005	Node7	0	7190	FullDelay	0.120052	120052	1	6
5.37005	Node7	0	4598	LastDelay	0.120052	120052	1	6
5.37005	Node7	0	4598	FullDelay	0.120052	120052	1	6
5.38005	Node7	0	3010	LastDelay	0.120052	120052	1	6
5.38005	Node7	0	3010	FullDelay	0.120052	120052	1	6
5.39005	Node7	0	295	LastDelay	0.120052	120052	1	6
5.39005	Node7	0	295	FullDelay	0.120052	120052	1	6
5.40005	Node7	0	1240	LastDelay	0.120052	120052	1	6
5.40005	Node7	0	1240	FullDelay	0.120052	120052	1	6
5.41	Node7	0	1	LastDelay	0	0	1	0
5.41	Node7	0	1	FullDelay	0	0	1	0
5.41005	Node7	0	540	LastDelay	0.120052	120052	1	6
5.41005	Node7	0	540	FullDelay	0.120052	120052	1	6
5.42005	Node7	0	2897	LastDelay	0.120052	120052	1	6
5.42005	Node7	0	2897	FullDelay	0.120052	120052	1	6
5.43003	Node7	0	57	LastDelay	0.0800347	80034.7	1	4
5.43003	Node7	0	57	FullDelay	0.0800347	80034.7	1	4
5.43005	Node7	0	323	LastDelay	0.120052	120052	1	6
5.43005	Node7	0	323	FullDelay	0.120052	120052	1	6
5.44005	Node7	0	998	LastDelay	0.120052	120052	1	6
5.44005	Node7	0	998	FullDelay	0.120052	120052	1	6
5.45005	Node7	0	194	LastDelay	0.120052	120052	1	6
5.45005	Node7	0	194	FullDelay	0.120052	120052	1	6
5.46005	Node7	0	4417	LastDelay	0.120052	120052	1	6
5.46005	Node7	0	4417	FullDelay	0.120052	120052	1	6
5.48005	Node7	0	7736	LastDelay	0.120052	120052	1	6
5.48005	Node7	0	7736	FullDelay	0.120052	120052	1	6
5.49005	Node7	0	8676	LastDelay	0.120052	120052	1	6
5.49005	Node7	0	8676	FullDelay	0.120052	120052	1	6
5.50005	Node7	0	2276	LastDelay	0.120052	120052	1	6
5.50005	Node7	0	2276	FullDelay	0.120052	120052	1	6
5.51005	Node7	0	1222	LastDelay	0.120052	120052	1	6
5.51005	Node7	0	1222	FullDelay	0.120052	120052	1	6
5.52005	Node7	0	495	LastDelay	0.120052	120052	1	6
5.52005	Node7	0	495	FullDelay	0.120052	120052	1	6
5.54005	Node7	0	3227	LastDelay	0.120052	120052	1	6
5.54005	Node7	0	3227	FullDelay	0.120052	120052	1	6
5.55005	Node7	0	224	LastDelay	0.120052	120052	1	6
5.55005	Node7	0	224	FullDelay	0.120052	120052	1	6
5.56005	Node7	0	221	LastDelay	0.120052	120052	1	6
5.56005	Node7	0	221	FullDelay	0.120052	120052	1	6
5.57	Node7	0	1	LastDelay	0	0	1	0
5.57	Node7	0	1	FullDelay	0	0	1	0
5.57005	Node7	0	3687	LastDelay	0.120052	120052	1	6
5.57005	Node7	0	3687	FullDelay	0.120052	120052	1	6
5.58005	Node7	0	2243	LastDelay	0.120052	120052	1	6
5.58005	Node7	0	2243	FullDelay	0.120052	120052	1	6
5.59005	Node7	0	174	LastDelay	0.120052	120052	1	6
5.59005	Node7	0	174	FullDelay	0.120052	120052	1	6
5.60005	Node7	0	3052	LastDelay	0.120052	120052	1	6
5.60005	Node7	0	3052	FullDelay	0.120052	120052	1	6
5.61005	Node7	0	1180	LastDelay	0.120052	120052	1	6
5.61005	Node7	0	1180	FullDelay	0.120052	120052	1	6
5.62005	Node7	0	3	LastDelay	0.120052	120052	1	6
5.62005	Node7	0	3	FullDelay	0.120052	120052	1	6
5.63005	Node7	0	6722	LastDelay	0.120052	120052	1	6
5.63005	Node7	0	6722	FullDelay	0.120052	120052	1	6
5.64005	Node7	0	7151	LastDelay	0.120052	120052	1	6
5.64005	Node7	0	7151	FullDelay	0.120052	120052	1	6
5.65005	Node7	0	3338	LastDelay	0.120052	120052	1	6
5.65005	Node7	0	3338	FullDelay	0.120052	120052	1	6
5.66	Node7	0	1	LastDelay	0	0	1	0
5.66	Node7	0	1	FullDelay	0	0	1	0
5.66005	Node7	0	3771	LastDelay	0.120052	120052	1	6
5.66005	Node7	0	3771	FullDelay	0.120052	120052	1	6
5.67005	Node7	0	2822	LastDelay	0.120052	120052	1	6
5.67005	Node7	0	2822	FullDelay	0.120052	120052	1	6
5.68005	Node7	0	2865	LastDelay	0.120052	120052	1	6
5.68005	Node7	0	2865	FullDelay	0.120052	120052	1	6
5.70005	Node7	0	5854	LastDelay	0.120052	120052	1	6
5.70005	Node7	0	5854	FullDelay	0.120052	120052	1	6
5.71002	Node7	0	11	LastDelay	0.0400174	40017.4	1	2
5.71002	Node7	0	11	FullDelay	0.0400174	40017.4	1	2
5.71005	Node7	0	145	LastDelay	0.120052	120052	1	6
5.71005	Node7	0	145	FullDelay	0.120052	120052	1	6
5.72005	Node7	0	185	LastDelay	0.120052	120052	1	6
5.72005	Node7	0	185	FullDelay	0.120052	120052	1	6
5.73005	Node7	0	852	LastDelay	0.120052	120052	1	6
5.73005	Node7	0	852	FullDelay	0.120052	120052	1	6
5.74005	Node7	0	7694	LastDelay	0.120052	120052	1	6
5.74005	Node7	0	7694	FullDelay	0.120052	120052	1	6
5.75005	Node7	0	1132	LastDelay	0.120052	120052	1	6
5.75005	Node7	0	1132	FullDelay	0.120052	120052	1	6
5.76	Node7	0	1	LastDelay	0	0	1	0
5.76	Node7	0	1	FullDelay	0	0	1	0
5.76005	Node7	0	241	LastDelay	0.120052	120052	1	6
5.76005	Node7	0	241	FullDelay	0.120052	120052	1	6
5.77005	Node7	0	932	LastDelay	0.120052	120052	1	6
5.77005	Node7	0	932	FullDelay	0.120052	120052	1	6
5.80005	Node7	0	5629	LastDelay	0.120052	120052	1	6
5.80005	Node7	0	5629	FullDelay	0.120052	120052	1	6
5.81005	Node7	0	347	LastDelay	0.120052	120052	1	6
5.81005	Node7	0	347	FullDelay	0.120052	120052	1	6
5.82005	Node7	0	2552	LastDelay	0.120052	120052	1	6
5.82005	Node7	0	2552	FullDelay	0.120052	120052	1	6
5.83005	Node7	0	4012	LastDelay	0.120052	120052	1	6
5.83005	Node7	0	4012	FullDelay	0.120052	120052	1	6
5.84005	Node7	0	5363	LastDelay	0.120052	120052	1	6
5.84005	Node7	0	5363	FullDelay	0.120052	120052	1	6
5.85005	Node7	0	4815	LastDelay	0.120052	120052	1	6
5.85005	Node7	0	4815	FullDelay	0.120052	120052	1	6
5.86005	Node7	0	210	LastDelay	0.120052	120052	1	6
5.86005	Node7	0	210	FullDelay	0.120052	120052	1	6
5.87005	Node7	0	375	LastDelay	0.120052	120052	1	6
5.87005	Node7	0	375	FullDelay	0.120052	120052	1	6
5.89005	Node7	0	257	LastDelay	0.120052	120052	1	6
5.89005	Node7	0	257	FullDelay	0.120052	120052	1	6
5.90005	Node7	0	1125	LastDelay	0.120052	120052	1	6
5.90005	Node7	0	1125	FullDelay	0.120052	120052	1	6
5.91005	Node7	0	4079	LastDelay	0.120052	120052	1	6
5.91005	Node7	0	4079	FullDelay	0.120052	120052	1	6
5.92003	Node7	0	1967	LastDelay	0.0800348	80034.8	1	4
5.92003	Node7	0	1967	FullDelay	0.0800348	80034.8	1	4
5.92005	Node7	0	511	LastDelay	0.120052	120052	1	6
5.92005	Node7	0	511	FullDelay	0.120052	120052	1	6
5.93005	Node7	0	920	LastDelay	0.120052	120052	1	6
5.93005	Node7	0	920	FullDelay	0.120052	120052	1	6
5.94005	Node7	0	2637	LastDelay	0.120052	120052	1	6
5.94005	Node7	0	2637	FullDelay	0.120052	120052	1	6
5.95	Node7	0	1	LastDelay	0	0	1	0
5.95	Node7	0	1	FullDelay	0	0	1	0
5.95005	Node7	0	3531	LastDelay	0.120052	120052	1	6
5.95005	Node7	0	3531	FullDelay	0.120052	120052	1	6
5.96001	Node7	0	13	LastDelay	0.0200087	20008.7	1	1
5.96001	Node7	0	13	FullDelay	0.0200087	20008.7	1	1
5.97002	Node7	0	87	LastDelay	0.0400174	40017.4	1	2
5.97002	Node7	0	87	FullDelay	0.0400174	40017.4	1	2
5.97005	Node7	0	9793	LastDelay	0.120052	120052	1	6
5.97005	Node7	0	9793	FullDelay	0.120052	120052	1	6
5.98005	Node7	0	3525	LastDelay	0.120052	120052	1	6
5.98005	Node7	0	3525	FullDelay	0.120052	120052	1	6
5.99005	Node7	0	6662	LastDelay	0.120052	120052	1	6
5.99005	Node7	0	6662	FullDelay	0.120052	120052	1	6
6.00005	Node7	0	3052	LastDelay	0.120052	120052	1	6
6.00005	Node7	0	3052	FullDelay	0.120052	120052	1	6
6.01005	Node7	0	2223	LastDelay	0.120052	120052	1	6
6.01005	Node7	0	2223	FullDelay	0.120052	120052	1	6
6.02005	Node7	0	1393	LastDelay	0.120052	120052	1	6
6.02005	Node7	0	1393	FullDelay	0.120052	120052	1	6
6.03005	Node7	0	125	LastDelay	0.0100521	10052.1	1	6
6.03005	Node7	0	125	FullDelay	0.120052	120052	2	6
6.04	Node7	0	647	LastDelay	0	0	1	0
6.04	Node7	0	647	FullDelay	0	0	1	0
6.04005	Node7	0	6574	LastDelay	0.120052	120052	1	6
6.04005	Node7	0	6574	FullDelay	0.120052	120052	1	6
6.05003	Node7	0	231	LastDelay	0.060026	60026	1	3
6.05003	Node7	0	231	FullDelay	0.060026	60026	1	3
6.08005	Node7	0	1696	LastDelay	0.120052	120052	1	6
6.08005	Node7	0	1696	FullDelay	0.120052	120052	1	6
6.09005	Node7	0	165	LastDelay	0.120052	120052	1	6
6.09005	Node7	0	165	FullDelay	0.120052	120052	1	6
6.10005	Node7	0	3178	LastDelay	0.120052	120052	1	6
6.10005	Node7	0	3178	FullDelay	0.120052	120052	1	6
6.12005	Node7	0	5919	LastDelay	0.120052	120052	1	6
6.12005	Node7	0	5919	FullDelay	0.120052	120052	1	6
6.13005	Node7	0	2278	LastDelay	0.120052	120052	1	6
6.13005	Node7	0	2278	FullDelay	0.120052	120052	1	6
6.15005	Node7	0	1071	LastDelay	0.120052	120052	1	6
6.15005	Node7	0	1071	FullDelay	0.120052	120052	1	6
6.17005	Node7	0	3036	LastDelay	0.120052	120052	1	6
6.17005	Node7	0	3036	FullDelay	0.120052	120052	1	6
6.18005	Node7	0	2334	LastDelay	0.120052	120052	1	6
6.18005	Node7	0	2334	FullDelay	0.120052	120052	1	6
6.19005	Node7	0	142	LastDelay	0.120052	120052	1	6
6.19005	Node7	0	142	FullDelay	0.120052	120052	1	6
6.20005	Node7	0	805	LastDelay	0.120052	120052	1	6
6.20005	Node7	0	805	FullDelay	0.120052	120052	1	6
6.21005	Node7	0	2411	LastDelay	0.120052	120052	1	6
6.21005	Node7	0	2411	FullDelay	0.120052	120052	1	6
6.22005	Node7	0	1202	LastDelay	0.120052	120052	1	6
6.22005	Node7	0	1202	FullDelay	0.120052	120052	1	6
6.23005	Node7	0	2615	LastDelay	0.120052	120052	1	6
6.23005	Node7	0	2615	FullDelay	0.120052	120052	1	6
6.24005	Node7	0	266	LastDelay	0.120052	120052	1	6
6.24005	Node7	0	266	FullDelay	0.120052	120052	1	6
6.25005	Node7	0	5157	LastDelay	0.120052	120052	1	6
6.25005	Node7	0	5157	FullDelay	0.120052	120052	1	6
6.26003	Node7	0	244	LastDelay	0.060026	60026	1	3
6.26003	Node7	0	244	FullDelay	0.060026	60026	1	3
6.26005	Node7	0	628	LastDelay	0.120052	120052	1	6
6.26005	Node7	0	628	FullDelay	0.120052	120052	1	6
6.27005	Node7	0	520	LastDelay	0.120052	120052	1	6
6.27005	Node7	0	520	FullDelay	0.120052	120052	1	6
6.28005	Node7	0	8539	LastDelay	0.120052	120052	1	6
6.28005	Node7	0	8539	FullDelay	0.120052	120052	1	6
6.29005	Node7	0	97	LastDelay	0.120052	120052	1	6
6.29005	Node7	0	97	FullDelay	0.120052	120052	1	6
6.30005	Node7	0	4764	LastDelay	0.120052	120052	1	6
6.30005	Node7	0	4764	FullDelay	0.120052	120052	1	6
6.31005	Node7	0	911	LastDelay	0.120052	120052	1	6
6.31005	Node7	0	911	FullDelay	0.120052	120052	1	6
6.33005	Node7	0	12	LastDelay	0.120052	120052	1	6
6.33005	Node7	0	12	FullDelay	0.120052	120052	1	6
6.34005	Node7	0	3117	LastDelay	0.120052	120052	1	6
6.34005	Node7	0	3117	FullDelay	0.120052	120052	1	6
6.35005	Node7	0	65	LastDelay	0.120052	120052	1	6
6.35005	Node7	0	65	FullDelay	0.120052	120052	1	6
6.36005	Node7	0	3740	LastDelay	0.120052	120052	1	6
6.36005	Node7	0	3740	FullDelay	0.120052	120052	1	6
6.37005	Node7	0	1223	LastDelay	0.120052	120052	1	6
6.37005	Node7	0	1223	FullDelay	0.120052	120052	1	6
6.38002	Node7	0	39	LastDelay	0.0400174	40017.4	1	2
6.38002	Node7	0	39	FullDelay	0.0400174	40017.4	1	2
6.38005	Node7	0	4497	LastDelay	0.120052	120052	1	6
6.38005	Node7	0	4497	FullDelay	0.120052	120052	1	6
6.39005	Node7	0	1534	LastDelay	0.120052	120052	1	6
6.39005	Node7	0	1534	FullDelay	0.120052	120052	1	6
6.40005	Node7	0	8263	LastDelay	0.120052	120052	1	6
6.40005	Node7	0	8263	FullDelay	0.120052	120052	1	6
6.41003	Node7	0	107	LastDelay	0.060026	60026	1	3
6.41003	Node7	0	107	FullDelay	0.060026	60026	1	3
6.41005	Node7	0	374	LastDelay	0.120052	120052	1	6
6.41005	Node7	0	374	FullDelay	0.120052	120052	1	6
6.42001	Node7	0	328	LastDelay	0.0200087	20008.7	1	1
6.42001	Node7	0	328	FullDelay	0.0200087	20008.7	1	1
6.42005	Node7	0	600	LastDelay	0.120052	120052	1	6
6.42005	Node7	0	600	FullDelay	0.120052	120052	1	6
6.43005	Node7	0	2994	LastDelay	0.120052	120052	1	6
6.43005	Node7	0	2994	FullDelay	0.120052	120052	1	6
6.44005	Node7	0	263	LastDelay	0.120052	120052	1	6
6.44005	Node7	0	263	FullDelay	0.120052	120052	1	6
6.45005	Node7	0	1564	LastDelay	0.120052	120052	1	6
6.45005	Node7	0	1564	FullDelay	0.120052	120052	1	6
6.48005	Node7	0	4767	LastDelay	0.120052	120052	1	6
6.48005	Node7	0	4767	FullDelay	0.120052	120052	1	6
6.49005	Node7	0	563	LastDelay	0.120052	120052	1	6
6.49005	Node7	0	563	FullDelay	0.120052	120052	1	6
6.50005	Node7	0	1736	LastDelay	0.120052	120052	1	6
6.50005	Node7	0	1736	FullDelay	0.120052	120052	1	6
6.51005	Node7	0	829	LastDelay	0.120052	120052	1	6
6.51005	Node7	0	829	FullDelay	0.120052	120052	1	6
6.53001	Node7	0	68	LastDelay	0.0200087	20008.7	1	1
6.53001	Node7	0	68	FullDelay	0.0200087	20008.7	1	1
6.53005	Node7	0	3421	LastDelay	0.120052	120052	1	6
6.53005	Node7	0	3421	FullDelay	0.120052	120052	1	6
6.54005	Node7	0	338	LastDelay	0.120052	120052	1	6
6.54005	Node7	0	338	FullDelay	0.120052	120052	1	6
6.55005	Node7	0	6352	LastDelay	0.120052	120052	1	6
6.55005	Node7	0	6352	FullDelay	0.120052	120052	1	6
6.56005	Node7	0	1018	LastDelay	0.120052	120052	1	6
6.56005	Node7	0	1018	FullDelay	0.120052	120052	1	6
6.57005	Node7	0	3436	LastDelay	0.120052	120052	1	6
6.57005	Node7	0	3436	FullDelay	0.120052	120052	1	6
6.58005	Node7	0	52	LastDelay	0.120052	120052	1	6
6.58005	Node7	0	52	FullDelay	0.120052	120052	1	6
6.59005	Node7	0	3528	LastDelay	0.120052	120052	1	6
6.59005	Node7	0	3528	FullDelay	0.120052	120052	1	6
6.60005	Node7	0	92	LastDelay	0.120052	120052	1	6
6.60005	Node7	0	92	FullDelay	0.120052	120052	1	6
6.61005	Node7	0	989	LastDelay	0.120052	120052	1	6
6.61005	Node7	0	989	FullDelay	0.120052	120052	1	6
6.62005	Node7	0	5134	LastDelay	0.120052	120052	1	6
6.62005	Node7	0	5134	FullDelay	0.120052	120052	1	6
6.64005	Node7	0	4065	LastDelay	0.120052	120052	1	6
6.64005	Node7	0	4065	FullDelay	0.120052	120052	1	6
6.65005	Node7	0	8811	LastDelay	0.120052	120052	1	6
6.65005	Node7	0	8811	FullDelay	0.120052	120052	1	6
6.66005	Node7	0	8390	LastDelay	0.120052	120052	1	6
6.66005	Node7	0	8390	FullDelay	0.120052	120052	1	6
6.67005	Node7	0	5194	LastDelay	0.120052	120052	1	6
6.67005	Node7	0	5194	FullDelay	0.120052	120052	1	6
6.68005	Node7	0	8795	LastDelay	0.120052	120052	1	6
6.68005	Node7	0	8795	FullDelay	0.120052	120052	1	6
6.69005	Node7	0	4660	LastDelay	0.120052	120052	1	6
6.69005	Node7	0	4660	FullDelay	0.120052	120052	1	6
6.70005	Node7	0	447	LastDelay	0.120052	120052	1	6
6.70005	Node7	0	447	FullDelay	0.120052	120052	1	6
6.71005	Node7	0	60	LastDelay	0.120052	120052	1	6
6.71005	Node7	0	60	FullDelay	0.120052	120052	1	6
6.72005	Node7	0	271	LastDelay	0.120052	120052	1	6
6.72005	Node7	0	271	FullDelay	0.120052	120052	1	6
6.73005	Node7	0	101	LastDelay	0.120052	120052	1	6
6.73005	Node7	0	101	FullDelay	0.120052	120052	1	6
6.74005	Node7	0	2222	LastDelay	0.120052	120052	1	6
6.74005	Node7	0	2222	FullDelay	0.120052	120052	1	6
6.75005	Node7	0	146	LastDelay	0.120052	120052	1	6
6.75005	Node7	0	146	FullDelay	0.120052	120052	1	6
6.76005	Node7	0	1054	LastDelay	0.120052	120052	1	6
6.76005	Node7	0	1054	FullDelay	0.120052	120052	1	6
6.77005	Node7	0	4854	LastDelay	0.120052	120052	1	6
6.77005	Node7	0	4854	FullDelay	0.120052	120052	1	6
6.78005	Node7	0	83	LastDelay	0.120052	120052	1	6
6.78005	Node7	0	83	FullDelay	0.120052	120052	1	6
6.79005	Node7	0	720	LastDelay	0.120052	120052	1	6
6.79005	Node7	0	720	FullDelay	0.120052	120052	1	6
6.80003	Node7	0	2255	LastDelay	0.0600261	60026.1	1	3
6.80003	Node7	0	2255	FullDelay	0.0600261	60026.1	1	3
6.80005	Node7	0	3945	LastDelay	0.120052	120052	1	6
6.80005	Node7	0	3945	FullDelay	0.120052	120052	1	6
6.81005	Node7	0	701	LastDelay	0.120052	120052	1	6
6.81005	Node7	0	701	FullDelay	0.120052	120052	1	6
6.82005	Node7	0	218	LastDelay	0.120052	120052	1	6
6.82005	Node7	0	218	FullDelay	0.120052	120052	1	6
6.83005	Node7	0	385	LastDelay	0.120052	120052	1	6
6.83005	Node7	0	385	FullDelay	0.120052	120052	1	6
6.84005	Node7	0	4636	LastDelay	0.120052	120052	1	6
6.84005	Node7	0	4636	FullDelay	0.120052	120052	1	6
6.85005	Node7	0	3584	LastDelay	0.120052	120052	1	6
6.85005	Node7	0	3584	FullDelay	0.120052	120052	1	6
6.87005	Node7	0	66	LastDelay	0.120052	120052	1	6
6.87005	Node7	0	66	FullDelay	0.120052	120052	1	6
6.88005	Node7	0	5096	LastDelay	0.120052	120052	1	6
6.88005	Node7	0	5096	FullDelay	0.120052	120052	1	6
6.89005	Node7	0	971	LastDelay	0.120052	120052	1	6
6.89005	Node7	0	971	FullDelay	0.120052	120052	1	6
6.90005	Node7	0	402	LastDelay	0.120052	120052	1	6
6.90005	Node7	0	402	FullDelay	0.120052	120052	1	6
6.91005	Node7	0	343	LastDelay	0.120052	120052	1	6
6.91005	Node7	0	343	FullDelay	0.120052	120052	1	6
6.92005	Node7	0	3271	LastDelay	0.120052	120052	1	6
6.92005	Node7	0	3271	FullDelay	0.120052	120052	1	6
6.93005	Node7	0	620	LastDelay	0.120052	120052	1	6
6.93005	Node7	0	620	FullDelay	0.120052	120052	1	6
6.94005	Node7	0	1168	LastDelay	0.120052	120052	1	6
6.94005	Node7	0	1168	FullDelay	0.120052	120052	1	6
6.95005	Node7	0	2838	LastDelay	0.120052	120052	1	6
6.95005	Node7	0	2838	FullDelay	0.120052	120052	1	6
6.96005	Node7	0	791	LastDelay	0.120052	120052	1	6
6.96005	Node7	0	791	FullDelay	0.120052	120052	1	6
6.97005	Node7	0	778	LastDelay	0.120052	120052	1	6
6.97005	Node7	0	778	FullDelay	0.120052	120052	1	6
6.98005	Node7	0	4888	LastDelay	0.120052	120052	1	6
6.98005	Node7	0	4888	FullDelay	0.120052	120052	1	6
6.99005	Node7	0	7310	LastDelay	0.120052	120052	1	6
6.99005	Node7	0	7310	FullDelay	0.120052	120052	1	6
7.00005	Node7	0	3625	LastDelay	0.120052	120052	1	6
7.00005	Node7	0	3625	FullDelay	0.120052	120052	1	6
7.01005	Node7	0	935	LastDelay	0.120052	120052	1	6
7.01005	Node7	0	935	FullDelay	0.120052	120052	1	6
7.02005	Node7	0	7159	LastDelay	0.120052	120052	1	6
7.02005	Node7	0	7159	FullDelay	0.120052	120052	1	6
7.03005	Node7	0	369	LastDelay	0.120052	120052	1	6
7.03005	Node7	0	369	FullDelay	0.120052	120052	1	6
7.04005	Node7	0	2199	LastDelay	0.120052	120052	1	6
7.04005	Node7	0	2199	FullDelay	0.120052	120052	1	6
7.05005	Node7	0	3570	LastDelay	0.120052	120052	1	6
7.05005	Node7	0	3570	FullDelay	0.120052	120052	1	6
7.06005	Node7	0	3751	LastDelay	0.120052	120052	1	6
7.06005	Node7	0	3751	FullDelay	0.120052	120052	1	6
7.07005	Node7	0	31	LastDelay	0.120052	120052	1	6
7.07005	Node7	0	31	FullDelay	0.120052	120052	1	6
7.08005	Node7	0	4662	LastDelay	0.120052	120052	1	6
7.08005	Node7	0	4662	FullDelay	0.120052	120052	1	6
7.09005	Node7	0	1050	LastDelay	0.120052	120052	1	6
7.09005	Node7	0	1050	FullDelay	0.120052	120052	1	6
7.10005	Node7	0	9166	LastDelay	0.120052	120052	1	6
7.10005	Node7	0	9166	FullDelay	0.120052	120052	1	6
7.11005	Node7	0	4403	LastDelay	0.120052	120052	1	6
7.11005	Node7	0	4403	FullDelay	0.120052	120052	1	6
7.12005	Node7	0	4071	LastDelay	0.120052	120052	1	6
7.12005	Node7	0	4071	FullDelay	0.120052	120052	1	6
7.13001	Node7	0	13	LastDelay	0.0200087	20008.7	1	1
7.13001	Node7	0	13	FullDelay	0.0200087	20008.7	1	1
7.13005	Node7	0	96	LastDelay	0.120052	120052	1	6
7.13005	Node7	0	96	FullDelay	0.120052	120052	1	6
7.14005	Node7	0	818	LastDelay	0.120052	120052	1	6
7.14005	Node7	0	818	FullDelay	0.120052	120052	1	6
7.15005	Node7	0	252	LastDelay	0.120052	120052	1	6
7.15005	Node7	0	252	FullDelay	0.120052	120052	1	6
7.16005	Node7	0	3557	LastDelay	0.120052	120052	1	6
7.16005	Node7	0	3557	FullDelay	0.120052	120052	1	6
7.17005	Node7	0	5519	LastDelay	0.120052	120052	1	6
7.17005	Node7	0	5519	FullDelay	0.120052	120052	1	6
7.18001	Node7	0	629	LastDelay	0.0200087	20008.7	1	1
7.18001	Node7	0	629	FullDelay	0.0200087	20008.7	1	1
7.18005	Node7	0	781	LastDelay	0.120052	120052	1	6
7.18005	Node7	0	781	FullDelay	0.120052	120052	1	6
7.19005	Node7	0	599	LastDelay	0.120052	120052	1	6
7.19005	Node7	0	599	FullDelay	0.120052	120052	1	6
7.20005	Node7	0	2717	LastDelay	0.120052	120052	1	6
7.20005	Node7	0	2717	FullDelay	0.120052	120052	1	6
7.21005	Node7	0	625	LastDelay	0.120052	120052	1	6
7.21005	Node7	0	625	FullDelay	0.120052	120052	1	6
7.22005	Node7	0	37	LastDelay	0.120052	120052	1	6
7.22005	Node7	0	37	FullDelay	0.120052	120052	1	6
7.24005	Node7	0	2947	LastDelay	0.120052	120052	1	6
7.24005	Node7	0	2947	FullDelay	0.120052	120052	1	6
7.25005	Node7	0	2694	LastDelay	0.120052	120052	1	6
7.25005	Node7	0	2694	FullDelay	0.120052	120052	1	6
7.26005	Node7	0	4144	LastDelay	0.120052	120052	1	6
7.26005	Node7	0	4144	FullDelay	0.120052	120052	1	6
7.27005	Node7	0	813	LastDelay	0.120052	120052	1	6
7.27005	Node7	0	813	FullDelay	0.120052	120052	1	6
7.28003	Node7	0	14	LastDelay	0.060026	60026	1	3
7.28003	Node7	0	14	FullDelay	0.060026	60026	1	3
7.29003	Node7	0	153	LastDelay	0.060026	60026	1	3
7.29003	Node7	0	153	FullDelay	0.060026	60026	1	3
7.29005	Node7	0	3642	LastDelay	0.120052	120052	1	6
7.29005	Node7	0	3642	FullDelay	0.120052	120052	1	6
7.3	Node7	0	83	LastDelay	0	0	1	0
7.3	Node7	0	83	FullDelay	0	0	1	0
7.30005	Node7	0	30	LastDelay	0.0200521	20052.1	1	6
7.30005	Node7	0	30	FullDelay	0.120052	120052	2	6
7.31	Node7	0	30	LastDelay	0	0	1	0
7.31	Node7	0	30	FullDelay	0	0	1	0
7.31005	Node7	0	268	LastDelay	0.120052	120052	1	6
7.31005	Node7	0	268	FullDelay	0.120052	120052	1	6
7.32005	Node7	0	270	LastDelay	0.120052	120052	1	6
7.32005	Node7	0	270	FullDelay	0.120052	120052	1	6
7.33005	Node7	0	1587	LastDelay	0.120052	120052	1	6
7.33005	Node7	0	1587	FullDelay	0.120052	120052	1	6
7.36005	Node7	0	1286	LastDelay	0.120052	120052	1	6
7.36005	Node7	0	1286	FullDelay	0.120052	120052	1	6
7.37005	Node7	0	8681	LastDelay	0.120052	120052	1	6
7.37005	Node7	0	8681	FullDelay	0.120052	120052	1	6
7.38005	Node7	0	41	LastDelay	0.120052	120052	1	6
7.38005	Node7	0	41	FullDelay	0.120052	120052	1	6
7.39005	Node7	0	248	LastDelay	0.120052	120052	1	6
7.39005	Node7	0	248	FullDelay	0.120052	120052	1	6
7.40003	Node7	0	34	LastDelay	0.0800347	80034.7	1	4
7.40003	Node7	0	34	FullDelay	0.0800347	80034.7	1	4
7.41005	Node7	0	3478	LastDelay	0.120052	120052	1	6
7.41005	Node7	0	3478	FullDelay	0.120052	120052	1	6
7.45003	Node7	0	181	LastDelay	0.060026	60026	1	3
7.45003	Node7	0	181	FullDelay	0.060026	60026	1	3
7.45005	Node7	0	4907	LastDelay	0.120052	120052	1	6
7.45005	Node7	0	4907	FullDelay	0.120052	120052	1	6
7.46005	Node7	0	6279	LastDelay	0.120052	120052	1	6
7.46005	Node7	0	6279	FullDelay	0.120052	120052	1	6
7.47005	Node7	0	3154	LastDelay	0.120052	120052	1	6
7.47005	Node7	0	3154	FullDelay	0.120052	120052	1	6
7.48005	Node7	0	5502	LastDelay	0.120052	120052	1	6
7.48005	Node7	0	5502	FullDelay	0.120052	120052	1	6
7.49005	Node7	0	6879	LastDelay	0.120052	120052	1	6
7.49005	Node7	0	6879	FullDelay	0.120052	120052	1	6
7.50005	Node7	0	5205	LastDelay	0.120052	120052	1	6
7.50005	Node7	0	5205	FullDelay	0.120052	120052	1	6
7.52005	Node7	0	146	LastDelay	0.120052	120052	1	6
7.52005	Node7	0	146	FullDelay	0.120052	120052	1	6
7.53005	Node7	0	7290	LastDelay	0.120052	120052	1	6
7.53005	Node7	0	7290	FullDelay	0.120052	120052	1	6
7.54005	Node7	0	1708	LastDelay	0.120052	120052	1	6
7.54005	Node7	0	1708	FullDelay	0.120052	120052	1	6
7.55005	Node7	0	191	LastDelay	0.120052	120052	1	6
7.55005	Node7	0	191	FullDelay	0.120052	120052	1	6
7.56005	Node7	0	9164	LastDelay	0.120052	120052	1	6
7.56005	Node7	0	9164	FullDelay	0.120052	120052	1	6
7.57004	Node7	0	49	LastDelay	0.100043	100043	1	5
7.57004	Node7	0	49	FullDelay	0.100043	100043	1	5
7.57005	Node7	0	8575	LastDelay	0.120052	120052	1	6
7.57005	Node7	0	8575	FullDelay	0.120052	120052	1	6
7.58001	Node7	0	2	LastDelay	0.0200087	20008.7	1	1
7.58001	Node7	0	2	FullDelay	0.0200087	20008.7	1	1
7.58005	Node7	0	5574	LastDelay	0.120052	120052	1	6
7.58005	Node7	0	5574	FullDelay	0.120052	120052	1	6
7.60005	Node7	0	1869	LastDelay	0.120052	120052	1	6
7.60005	Node7	0	1869	FullDelay	0.120052	120052	1	6
7.61005	Node7	0	195	LastDelay	0.120052	120052	1	6
7.61005	Node7	0	195	FullDelay	0.120052	120052	1	6
7.62005	Node7	0	7425	LastDelay	0.120052	120052	1	6
7.62005	Node7	0	7425	FullDelay	0.120052	120052	1	6
7.63001	Node7	0	2	LastDelay	0.0200087	20008.7	1	1
7.63001	Node7	0	2	FullDelay	0.0200087	20008.7	1	1
7.63005	Node7	0	3	LastDelay	0.0500521	50052.1	1	6
7.63005	Node7	0	3	FullDelay	0.120052	120052	2	6
7.64005	Node7	0	2852	LastDelay	0.120052	120052	1	6
7.64005	Node7	0	2852	FullDelay	0.120052	120052	1	6
7.65003	Node7	0	6	LastDelay	0.060026	60026	1	3
7.65003	Node7	0	6	FullDelay	0.060026	60026	1	3
7.65005	Node7	0	26	LastDelay	0.120052	120052	1	6
7.65005	Node7	0	26	FullDelay	0.120052	120052	1	6
7.66005	Node7	0	4791	LastDelay	0.120052	120052	1	6
7.66005	Node7	0	4791	FullDelay	0.120052	120052	1	6
7.67005	Node7	0	6119	LastDelay	0.120052	120052	1	6
7.67005	Node7	0	6119	FullDelay	0.120052	120052	1	6
7.69005	Node7	0	1933	LastDelay	0.120052	120052	1	6
7.69005	Node7	0	1933	FullDelay	0.120052	120052	1	6
7.72005	Node7	0	94	LastDelay	0.120052	120052	1	6
7.72005	Node7	0	94	FullDelay	0.120052	120052	1	6
7.74	Node7	0	35	LastDelay	0	0	1	0
7.74	Node7	0	35	FullDelay	0	0	1	0
7.74005	Node7	0	6257	LastDelay	0.120052	120052	1	6
7.74005	Node7	0	6257	FullDelay	0.120052	120052	1	6
7.75005	Node7	0	702	LastDelay	0.120052	120052	1	6
7.75005	Node7	0	702	FullDelay	0.120052	120052	1	6
7.76005	Node7	0	2257	LastDelay	0.120052	120052	1	6
7.76005	Node7	0	2257	FullDelay	0.120052	120052	1	6
7.77001	Node7	0	5574	LastDelay	0.0200087	20008.7	1	1
7.77001	Node7	0	5574	FullDelay	0.0200087	20008.7	1	1
7.77005	Node7	0	168	LastDelay	0.120052	120052	1	6
7.77005	Node7	0	168	FullDelay	0.120052	120052	1	6
7.78005	Node7	0	4048	LastDelay	0.120052	120052	1	6
7.78005	Node7	0	4048	FullDelay	0.120052	120052	1	6
7.79005	Node7	0	2167	LastDelay	0.120052	120052	1	6
7.79005	Node7	0	2167	FullDelay	0.120052	120052	1	6
7.80005	Node7	0	561	LastDelay	0.120052	120052	1	6
7.80005	Node7	0	561	FullDelay	0.120052	120052	1	6
7.81005	Node7	0	316	LastDelay	0.120052	120052	1	6
7.81005	Node7	0	316	FullDelay	0.120052	120052	1	6
7.82005	Node7	0	291	LastDelay	0.120052	120052	1	6
7.82005	Node7	0	291	FullDelay	0.120052	120052	1	6
7.83002	Node7	0	1221	LastDelay	0.0400174	40017.4	1	2
7.83002	Node7	0	1221	FullDelay	0.0400174	40017.4	1	2
7.83005	Node7	0	9109	LastDelay	0.120052	120052	1	6
7.83005	Node7	0	9109	FullDelay	0.120052	120052	1	6
7.84005	Node7	0	533	LastDelay	0.120052	120052	1	6
7.84005	Node7	0	533	FullDelay	0.120052	120052	1	6
7.85	Node7	0	3	LastDelay	0	0	1	0
7.85	Node7	0	3	FullDelay	0	0	1	0
7.85005	Node7	0	21	LastDelay	0.120052	120052	1	6
7.85005	Node7	0	21	FullDelay	0.120052	120052	1	6
7.88005	Node7	0	3459	LastDelay	0.120052	120052	1	6
7.88005	Node7	0	3459	FullDelay	0.120052	120052	1	6
7.89005	Node7	0	4968	LastDelay	0.120052	120052	1	6
7.89005	Node7	0	4968	FullDelay	0.120052	120052	1	6
7.90005	Node7	0	170	LastDelay	0.120052	120052	1	6
7.90005	Node7	0	170	FullDelay	0.120052	120052	1	6
7.92005	Node7	0	15	LastDelay	0.120052	120052	1	6
7.92005	Node7	0	15	FullDelay	0.120052	120052	1	6
7.93005	Node7	0	2506	LastDelay	0.120052	120052	1	6
7.93005	Node7	0	2506	FullDelay	0.120052	120052	1	6
7.94005	Node7	0	1563	LastDelay	0.120052	120052	1	6
7.94005	Node7	0	1563	FullDelay	0.120052	120052	1	6
7.95005	Node7	0	6740	LastDelay	0.120052	120052	1	6
7.95005	Node7	0	6740	FullDelay	0.120052	120052	1	6
7.96005	Node7	0	9992	LastDelay	0.120052	120052	1	6
7.96005	Node7	0	9992	FullDelay	0.120052	120052	1	6
7.98005	Node7	0	353	LastDelay	0.120052	120052	1	6
7.98005	Node7	0	353	FullDelay	0.120052	120052	1	6
7.99005	Node7	0	2284	LastDelay	0.120052	120052	1	6
7.99005	Node7	0	2284	FullDelay	0.120052	120052	1	6
8.00005	Node7	0	2439	LastDelay	0.120052	120052	1	6
8.00005	Node7	0	2439	FullDelay	0.120052	120052	1	6
8.01005	Node7	0	9192	LastDelay	0.120052	120052	1	6
8.01005	Node7	0	9192	FullDelay	0.120052	120052	1	6
8.02005	Node7	0	236	LastDelay	0.120052	120052	1	6
8.02005	Node7	0	236	FullDelay	0.120052	120052	1	6
8.03005	Node7	0	1424	LastDelay	0.120052	120052	1	6
8.03005	Node7	0	1424	FullDelay	0.120052	120052	1	6
8.04005	Node7	0	2742	LastDelay	0.120052	120052	1	6
8.04005	Node7	0	2742	FullDelay	0.120052	120052	1	6
8.05005	Node7	0	1274	LastDelay	0.120052	120052	1	6
8.05005	Node7	0	1274	FullDelay	0.120052	120052	1	6
8.06005	Node7	0	55	LastDelay	0.120052	120052	1	6
8.06005	Node7	0	55	FullDelay	0.120052	120052	1	6
8.07005	Node7	0	1925	LastDelay	0.120052	120052	1	6
8.07005	Node7	0	1925	FullDelay	0.120052	120052	1	6
8.08005	Node7	0	276	LastDelay	0.120052	120052	1	6
8.08005	Node7	0	276	FullDelay	0.120052	120052	1	6
8.09	Node7	0	3	LastDelay	0	0	1	0
8.09	Node7	0	3	FullDelay	0	0	1	0
8.09001	Node7	0	239	LastDelay	0.0200087	20008.7	1	1
8.09001	Node7	0	239	FullDelay	0.0200087	20008.7	1	1
8.09005	Node7	0	908	LastDelay	0.120052	120052	1	6
8.09005	Node7	0	908	FullDelay	0.120052	120052	1	6
8.10005	Node7	0	5530	LastDelay	0.120052	120052	1	6
8.10005	Node7	0	5530	FullDelay	0.120052	120052	1	6
8.11005	Node7	0	473	LastDelay	0.120052	120052	1	6
8.11005	Node7	0	473	FullDelay	0.120052	120052	1	6
8.12003	Node7	0	14	LastDelay	0.060026	60026	1	3
8.12003	Node7	0	14	FullDelay	0.060026	60026	1	3
8.12005	Node7	0	1569	LastDelay	0.120052	120052	1	6
8.12005	Node7	0	1569	FullDelay	0.120052	120052	1	6
8.13005	Node7	0	321	LastDelay	0.120052	120052	1	6
8.13005	Node7	0	321	FullDelay	0.120052	120052	1	6
8.14005	Node7	0	929	LastDelay	0.120052	120052	1	6
8.14005	Node7	0	929	FullDelay	0.120052	120052	1	6
8.15005	Node7	0	9744	LastDelay	0.120052	120052	1	6
8.15005	Node7	0	9744	FullDelay	0.120052	120052	1	6
8.16005	Node7	0	2118	LastDelay	0.120052	120052	1	6
8.16005	Node7	0	2118	FullDelay	0.120052	120052	1	6
8.17005	Node7	0	3163	LastDelay	0.120052	120052	1	6
8.17005	Node7	0	3163	FullDelay	0.120052	120052	1	6
8.20005	Node7	0	8422	LastDelay	0.120052	120052	1	6
8.20005	Node7	0	8422	FullDelay	0.120052	120052	1	6
8.22005	Node7	0	33	LastDelay	0.120052	120052	1	6
8.22005	Node7	0	33	FullDelay	0.120052	120052	1	6
8.23005	Node7	0	258	LastDelay	0.120052	120052	1	6
8.23005	Node7	0	258	FullDelay	0.120052	120052	1	6
8.24005	Node7	0	1020	LastDelay	0.120052	120052	1	6
8.24005	Node7	0	1020	FullDelay	0.120052	120052	1	6
8.25001	Node7	0	9	LastDelay	0.0200087	20008.7	1	1
8.25001	Node7	0	9	FullDelay	0.0200087	20008.7	1	1
8.25005	Node7	0	12	LastDelay	0.120052	120052	1	6
8.25005	Node7	0	12	FullDelay	0.120052	120052	1	6
8.26005	Node7	0	4133	LastDelay	0.120052	120052	1	6
8.26005	Node7	0	4133	FullDelay	0.120052	120052	1	6
8.27003	Node7	0	49	LastDelay	0.0800347	80034.7	1	4
8.27003	Node7	0	49	FullDelay	0.0800347	80034.7	1	4
8.27005	Node7	0	8289	LastDelay	0.120052	120052	1	6
8.27005	Node7	0	8289	FullDelay	0.120052	120052	1	6
8.28005	Node7	0	256	LastDelay	0.120052	120052	1	6
8.28005	Node7	0	256	FullDelay	0.120052	120052	1	6
8.29005	Node7	0	304	LastDelay	0.120052	120052	1	6
8.29005	Node7	0	304	FullDelay	0.120052	120052	1	6
8.30005	Node7	0	127	LastDelay	0.120052	120052	1	6
8.30005	Node7	0	127	FullDelay	0.120052	120052	1	6
8.32005	Node7	0	486	LastDelay	0.120052	120052	1	6
8.32005	Node7	0	486	FullDelay	0.120052	120052	1	6
8.33003	Node7	0	8	LastDelay	0.0800347	80034.7	1	4
8.33003	Node7	0	8	FullDelay	0.0800347	80034.7	1	4
8.33005	Node7	0	348	LastDelay	0.120052	120052	1	6
8.33005	Node7	0	348	FullDelay	0.120052	120052	1	6
8.34003	Node7	0	14	LastDelay	0.060026	60026	1	3
8.34003	Node7	0	14	FullDelay	0.060026	60026	1	3
8.34005	Node7	0	863	LastDelay	0.120052	120052	1	6
8.34005	Node7	0	863	FullDelay	0.120052	120052	1	6
8.36005	Node7	0	5303	LastDelay	0.120052	120052	1	6
8.36005	Node7	0	5303	FullDelay	0.120052	120052	1	6
8.37002	Node7	0	4	LastDelay	0.0400174	40017.4	1	2
8.37002	Node7	0	4	FullDelay	0.0400174	40017.4	1	2
8.38005	Node7	0	9790	LastDelay	0.120052	120052	1	6
8.38005	Node7	0	9790	FullDelay	0.120052	120052	1	6
8.39002	Node7	0	69	LastDelay	0.0400174	40017.4	1	2
8.39002	Node7	0	69	FullDelay	0.0400174	40017.4	1	2
8.39003	Node7	0	34	LastDelay	0.0800347	80034.7	1	4
8.39003	Node7	0	34	FullDelay	0.0800347	80034.7	1	4
8.39005	Node7	0	7477	LastDelay	0.120052	120052	1	6
8.39005	Node7	0	7477	FullDelay	0.120052	120052	1	6
8.41005	Node7	0	1459	LastDelay	0.120052	120052	1	6
8.41005	Node7	0	1459	FullDelay	0.120052	120052	1	6
8.42005	Node7	0	455	LastDelay	0.120052	120052	1	6
8.42005	Node7	0	455	FullDelay	0.120052	120052	1	6
8.44005	Node7	0	43	LastDelay	0.120052	120052	1	6
8.44005	Node7	0	43	FullDelay	0.120052	120052	1	6
8.46005	Node7	0	2083	LastDelay	0.120052	120052	1	6
8.46005	Node7	0	2083	FullDelay	0.120052	120052	1	6
8.47003	Node7	0	22	LastDelay	0.0800347	80034.7	1	4
8.47003	Node7	0	22	FullDelay	0.0800347	80034.7	1	4
8.48005	Node7	0	676	LastDelay	0.120052	120052	1	6
8.48005	Node7	0	676	FullDelay	0.120052	120052	1	6
8.49005	Node7	0	8823	LastDelay	0.120052	120052	1	6
8.49005	Node7	0	8823	FullDelay	0.120052	120052	1	6
8.50005	Node7	0	10	LastDelay	0.120052	120052	1	6
8.50005	Node7	0	10	FullDelay	0.120052	120052	1	6
8.52005	Node7	0	442	LastDelay	0.120052	120052	1	6
8.52005	Node7	0	442	FullDelay	0.120052	120052	1	6
8.53005	Node7	0	731	LastDelay	0.120052	120052	1	6
8.53005	Node7	0	731	FullDelay	0.120052	120052	1	6
8.54004	Node7	0	82	LastDelay	0.100043	100043	1	5
8.54004	Node7	0	82	FullDelay	0.100043	100043	1	5
8.54005	Node7	0	2989	LastDelay	0.120052	120052	1	6
8.54005	Node7	0	2989	FullDelay	0.120052	120052	1	6
8.55	Node7	0	4	LastDelay	0	0	1	0
8.55	Node7	0	4	FullDelay	0	0	1	0
8.55005	Node7	0	7708	LastDelay	0.120052	120052	1	6
8.55005	Node7	0	7708	FullDelay	0.120052	120052	1	6
8.57005	Node7	0	3397	LastDelay	0.120052	120052	1	6
8.57005	Node7	0	3397	FullDelay	0.120052	120052	1	6
8.58005	Node7	0	41	LastDelay	0.120052	120052	1	6
8.58005	Node7	0	41	FullDelay	0.120052	120052	1	6
8.59005	Node7	0	9463	LastDelay	0.120052	120052	1	6
8.59005	Node7	0	9463	FullDelay	0.120052	120052	1	6
8.6	Node7	0	2	LastDelay	0	0	1	0
8.6	Node7	0	2	FullDelay	0	0	1	0
8.60005	Node7	0	6527	LastDelay	0.120052	120052	1	6
8.60005	Node7	0	6527	FullDelay	0.120052	120052	1	6
8.61002	Node7	0	11	LastDelay	0.0400174	40017.4	1	2
8.61002	Node7	0	11	FullDelay	0.0400174	40017.4	1	2
8.61005	Node7	0	4875	LastDelay	0.120052	120052	1	6
8.61005	Node7	0	4875	FullDelay	0.120052	120052	1	6
8.62	Node7	0	65	LastDelay	0	0	1	0
8.62	Node7	0	65	FullDelay	0	0	1	0
8.62005	Node7	0	574	LastDelay	0.120052	120052	1	6
8.62005	Node7	0	574	FullDelay	0.120052	120052	1	6
8.63005	Node7	0	545	LastDelay	0.120052	120052	1	6
8.63005	Node7	0	545	FullDelay	0.120052	120052	1	6
8.64005	Node7	0	2444	LastDelay	0.120052	120052	1	6
8.64005	Node7	0	2444	FullDelay	0.120052	120052	1	6
8.65005	Node7	0	1302	LastDelay	0.120052	120052	1	6
8.65005	Node7	0	1302	FullDelay	0.120052	120052	1	6
8.66005	Node7	0	161	LastDelay	0.120052	120052	1	6
8.66005	Node7	0	161	FullDelay	0.120052	120052	1	6
8.68005	Node7	0	3089	LastDelay	0.120052	120052	1	6
8.68005	Node7	0	3089	FullDelay	0.120052	120052	1	6
8.69	Node7	0	4	LastDelay	0	0	1	0
8.69	Node7	0	4	FullDelay	0	0	1	0
8.70005	Node7	0	432	LastDelay	0.120052	120052	1	6
8.70005	Node7	0	432	FullDelay	0.120052	120052	1	6
8.71	Node7	0	1171	LastDelay	0	0	1	0
8.71	Node7	0	1171	FullDelay	0	0	1	0
8.71005	Node7	0	2643	LastDelay	0.120052	120052	1	6
8.71005	Node7	0	2643	FullDelay	0.120052	120052	1	6
8.73005	Node7	0	1271	LastDelay	0.120052	120052	1	6
8.73005	Node7	0	1271	FullDelay	0.120052	120052	1	6
8.75005	Node7	0	1214	LastDelay	0.120052	120052	1	6
8.75005	Node7	0	1214	FullDelay	0.120052	120052	1	6
8.76001	Node7	0	48	LastDelay	0.0200087	20008.7	1	1
8.76001	Node7	0	48	FullDelay	0.0200087	20008.7	1	1
8.76005	Node7	0	1328	LastDelay	0.120052	120052	1	6
8.76005	Node7	0	1328	FullDelay	0.120052	120052	1	6
8.77005	Node7	0	282	LastDelay	0.120052	120052	1	6
8.77005	Node7	0	282	FullDelay	0.120052	120052	1	6
8.78005	Node7	0	565	LastDelay	0.120052	120052	1	6
8.78005	Node7	0	565	FullDelay	0.120052	120052	1	6
8.79	Node7	0	3	LastDelay	0	0	1	0
8.79	Node7	0	3	FullDelay	0	0	1	0
8.79005	Node7	0	1401	LastDelay	0.120052	120052	1	6
8.79005	Node7	0	1401	FullDelay	0.120052	120052	1	6
8.80005	Node7	0	1202	LastDelay	0.120052	120052	1	6
8.80005	Node7	0	1202	FullDelay	0.120052	120052	1	6
8.82005	Node7	0	832	LastDelay	0.120052	120052	1	6
8.82005	Node7	0	832	FullDelay	0.120052	120052	1	6
8.84003	Node7	0	5817	LastDelay	0.0600261	60026.1	1	3
8.84003	Node7	0	5817	FullDelay	0.0600261	60026.1	1	3
8.84005	Node7	0	2215	LastDelay	0.120052	120052	1	6
8.84005	Node7	0	2215	FullDelay	0.120052	120052	1	6
8.85005	Node7	0	320	LastDelay	0.120052	120052	1	6
8.85005	Node7	0	320	FullDelay	0.120052	120052	1	6
8.87005	Node7	0	5517	LastDelay	0.120052	120052	1	6
8.87005	Node7	0	5517	FullDelay	0.120052	120052	1	6
8.88005	Node7	0	5895	LastDelay	0.120052	120052	1	6
8.88005	Node7	0	5895	FullDelay	0.120052	120052	1	6
8.89005	Node7	0	800	LastDelay	0.120052	120052	1	6
8.89005	Node7	0	800	FullDelay	0.120052	120052	1	6
8.92005	Node7	0	1918	LastDelay	0.120052	120052	1	6
8.92005	Node7	0	1918	FullDelay	0.120052	120052	1	6
8.93005	Node7	0	3040	LastDelay	0.120052	120052	1	6
8.93005	Node7	0	3040	FullDelay	0.120052	120052	1	6
8.94005	Node7	0	419	LastDelay	0.120052	120052	1	6
8.94005	Node7	0	419	FullDelay	0.120052	120052	1	6
8.95002	Node7	0	87	LastDelay	0.0400174	40017.4	1	2
8.95002	Node7	0	87	FullDelay	0.0400174	40017.4	1	2
8.95005	Node7	0	216	LastDelay	0.120052	120052	1	6
8.95005	Node7	0	216	FullDelay	0.120052	120052	1	6
8.96005	Node7	0	5644	LastDelay	0.120052	120052	1	6
8.96005	Node7	0	5644	FullDelay	0.120052	120052	1	6
8.97005	Node7	0	433	LastDelay	0.120052	120052	1	6
8.97005	Node7	0	433	FullDelay	0.120052	120052	1	6
8.98005	Node7	0	2008	LastDelay	0.120052	120052	1	6
8.98005	Node7	0	2008	FullDelay	0.120052	120052	1	6
8.99005	Node7	0	9188	LastDelay	0.120052	120052	1	6
8.99005	Node7	0	9188	FullDelay	0.120052	120052	1	6
9.00003	Node7	0	15	LastDelay	0.060026	60026	1	3
9.00003	Node7	0	15	FullDelay	0.060026	60026	1	3
9.00005	Node7	0	130	LastDelay	0.120052	120052	1	6
9.00005	Node7	0	130	FullDelay	0.120052	120052	1	6
9.01005	Node7	0	6731	LastDelay	0.120052	120052	1	6
9.01005	Node7	0	6731	FullDelay	0.120052	120052	1	6
9.02005	Node7	0	3104	LastDelay	0.120052	120052	1	6
9.02005	Node7	0	3104	FullDelay	0.120052	120052	1	6
9.04005	Node7	0	1227	LastDelay	0.120052	120052	1	6
9.04005	Node7	0	1227	FullDelay	0.120052	120052	1	6
9.05005	Node7	0	581	LastDelay	0.120052	120052	1	6
9.05005	Node7	0	581	FullDelay	0.120052	120052	1	6
9.07005	Node7	0	1984	LastDelay	0.120052	120052	1	6
9.07005	Node7	0	1984	FullDelay	0.120052	120052	1	6
9.08001	Node7	0	266	LastDelay	0.0200087	20008.7	1	1
9.08001	Node7	0	266	FullDelay	0.0200087	20008.7	1	1
9.08005	Node7	0	1106	LastDelay	0.120052	120052	1	6
9.08005	Node7	0	1106	FullDelay	0.120052	120052	1	6
9.09005	Node7	0	1248	LastDelay	0.120052	120052	1	6
9.09005	Node7	0	1248	FullDelay	0.120052	120052	1	6
9.10005	Node7	0	5351	LastDelay	0.120052	120052	1	6
9.10005	Node7	0	5351	FullDelay	0.120052	120052	1	6
9.11	Node7	0	3271	LastDelay	0	0	1	0
9.11	Node7	0	3271	FullDelay	0	0	1	0
9.11005	Node7	0	5150	LastDelay	0.120052	120052	1	6
9.11005	Node7	0	5150	FullDelay	0.120052	120052	1	6
9.12005	Node7	0	6116	LastDelay	0.120052	120052	1	6
9.12005	Node7	0	6116	FullDelay	0.120052	120052	1	6
9.13005	Node7	0	2412	LastDelay	0.120052	120052	1	6
9.13005	Node7	0	2412	FullDelay	0.120052	120052	1	6
9.14004	Node7	0	12	LastDelay	0.100043	100043	1	5
9.14004	Node7	0	12	FullDelay	0.100043	100043	1	5
9.14005	Node7	0	226	LastDelay	0.120052	120052	1	6
9.14005	Node7	0	226	FullDelay	0.120052	120052	1	6
9.15003	Node7	0	14	LastDelay	0.060026	60026	1	3
9.15003	Node7	0	14	FullDelay	0.060026	60026	1	3
9.15005	Node7	0	680	LastDelay	0.120052	120052	1	6
9.15005	Node7	0	680	FullDelay	0.120052	120052	1	6
9.17005	Node7	0	8049	LastDelay	0.120052	120052	1	6
9.17005	Node7	0	8049	FullDelay	0.120052	120052	1	6
9.19005	Node7	0	824	LastDelay	0.120052	120052	1	6
9.19005	Node7	0	824	FullDelay	0.120052	120052	1	6
9.20005	Node7	0	3273	LastDelay	0.120052	120052	1	6
9.20005	Node7	0	3273	FullDelay	0.120052	120052	1	6
9.22005	Node7	0	3930	LastDelay	0.120052	120052	1	6
9.22005	Node7	0	3930	FullDelay	0.120052	120052	1	6
9.24005	Node7	0	5364	LastDelay	0.120052	120052	1	6
9.24005	Node7	0	5364	FullDelay	0.120052	120052	1	6
9.25005	Node7	0	537	LastDelay	0.120052	120052	1	6
9.25005	Node7	0	537	FullDelay	0.120052	120052	1	6
9.26005	Node7	0	2084	LastDelay	0.120052	120052	1	6
9.26005	Node7	0	2084	FullDelay	0.120052	120052	1	6
9.27005	Node7	0	1820	LastDelay	0.120052	120052	1	6
9.27005	Node7	0	1820	FullDelay	0.120052	120052	1	6
9.28005	Node7	0	6710	LastDelay	0.120052	120052	1	6
9.28005	Node7	0	6710	FullDelay	0.120052	120052	1	6
9.29005	Node7	0	6618	LastDelay	0.120052	120052	1	6
9.29005	Node7	0	6618	FullDelay	0.120052	120052	1	6
9.30003	Node7	0	15	LastDelay	0.060026	60026	1	3
9.30003	Node7	0	15	FullDelay	0.060026	60026	1	3
9.30005	Node7	0	1664	LastDelay	0.120052	120052	1	6
9.30005	Node7	0	1664	FullDelay	0.120052	120052	1	6
9.31003	Node7	0	22	LastDelay	0.0800347	80034.7	1	4
9.31003	Node7	0	22	FullDelay	0.0800347	80034.7	1	4
9.31005	Node7	0	63	LastDelay	0.120052	120052	1	6
9.31005	Node7	0	63	FullDelay	0.120052	120052	1	6
9.32005	Node7	0	819	LastDelay	0.120052	120052	1	6
9.32005	Node7	0	819	FullDelay	0.120052	120052	1	6
9.33005	Node7	0	4434	LastDelay	0.120052	120052	1	6
9.33005	Node7	0	4434	FullDelay	0.120052	120052	1	6
9.34003	Node7	0	5164	LastDelay	0.0800348	80034.8	1	4
9.34003	Node7	0	5164	FullDelay	0.0800348	80034.8	1	4
9.34005	Node7	0	3546	LastDelay	0.120052	120052	1	6
9.34005	Node7	0	3546	FullDelay	0.120052	120052	1	6
9.37005	Node7	0	849	LastDelay	0.120052	120052	1	6
9.37005	Node7	0	849	FullDelay	0.120052	120052	1	6
9.39	Node7	0	1	LastDelay	0	0	1	0
9.39	Node7	0	1	FullDelay	0	0	1	0
9.39003	Node7	0	34	LastDelay	0.0800347	80034.7	1	4
9.39003	Node7	0	34	FullDelay	0.0800347	80034.7	1	4
9.39005	Node7	0	358	LastDelay	0.120052	120052	1	6
9.39005	Node7	0	358	FullDelay	0.120052	120052	1	6
9.40005	Node7	0	2510	LastDelay	0.120052	120052	1	6
9.40005	Node7	0	2510	FullDelay	0.120052	120052	1	6
9.41005	Node7	0	2043	LastDelay	0.120052	120052	1	6
9.41005	Node7	0	2043	FullDelay	0.120052	120052	1	6
9.42005	Node7	0	551	LastDelay	0.120052	120052	1	6
9.42005	Node7	0	551	FullDelay	0.120052	120052	1	6
9.44005	Node7	0	249	LastDelay	0.120052	120052	1	6
9.44005	Node7	0	249	FullDelay	0.120052	120052	1	6
9.45005	Node7	0	8433	LastDelay	0.120052	120052	1	6
9.45005	Node7	0	8433	FullDelay	0.120052	120052	1	6
9.46005	Node7	0	179	LastDelay	0.120052	120052	1	6
9.46005	Node7	0	179	FullDelay	0.120052	120052	1	6
9.47005	Node7	0	2119	LastDelay	0.120052	120052	1	6
9.47005	Node7	0	2119	FullDelay	0.120052	120052	1	6
9.48005	Node7	0	5128	LastDelay	0.120052	120052	1	6
9.48005	Node7	0	5128	FullDelay	0.120052	120052	1	6
9.49005	Node7	0	4897	LastDelay	0.120052	120052	1	6
9.49005	Node7	0	4897	FullDelay	0.120052	120052	1	6
9.50005	Node7	0	3107	LastDelay	0.120052	120052	1	6
9.50005	Node7	0	3107	FullDelay	0.120052	120052	1	6
9.52005	Node7	0	500	LastDelay	0.120052	120052	1	6
9.52005	Node7	0	500	FullDelay	0.120052	120052	1	6
9.53005	Node7	0	3252	LastDelay	0.120052	120052	1	6
9.53005	Node7	0	3252	FullDelay	0.120052	120052	1	6
9.54005	Node7	0	2388	LastDelay	0.120052	120052	1	6
9.54005	Node7	0	2388	FullDelay	0.120052	120052	1	6
9.55005	Node7	0	6864	LastDelay	0.120052	120052	1	6
9.55005	Node7	0	6864	FullDelay	0.120052	120052	1	6
9.56005	Node7	0	5	LastDelay	0.120052	120052	1	6
9.56005	Node7	0	5	FullDelay	0.120052	120052	1	6
9.57005	Node7	0	116	LastDelay	0.120052	120052	1	6
9.57005	Node7	0	116	FullDelay	0.120052	120052	1	6
9.58005	Node7	0	9638	LastDelay	0.120052	120052	1	6
9.58005	Node7	0	9638	FullDelay	0.120052	120052	1	6
9.59005	Node7	0	1258	LastDelay	0.120052	120052	1	6
9.59005	Node7	0	1258	FullDelay	0.120052	120052	1	6
9.60005	Node7	0	3858	LastDelay	0.120052	120052	1	6
9.60005	Node7	0	3858	FullDelay	0.120052	120052	1	6
9.61005	Node7	0	1755	LastDelay	0.120052	120052	1	6
9.61005	Node7	0	1755	FullDelay	0.120052	120052	1	6
9.62005	Node7	0	2810	LastDelay	0.120052	120052	1	6
9.62005	Node7	0	2810	FullDelay	0.120052	120052	1	6
9.63005	Node7	0	5528	LastDelay	0.120052	120052	1	6
9.63005	Node7	0	5528	FullDelay	0.120052	120052	1	6
9.64005	Node7	0	9556	LastDelay	0.120052	120052	1	6
9.64005	Node7	0	9556	FullDelay	0.120052	120052	1	6
9.65005	Node7	0	2550	LastDelay	0.120052	120052	1	6
9.65005	Node7	0	2550	FullDelay	0.120052	120052	1	6
9.66005	Node7	0	5618	LastDelay	0.120052	120052	1	6
9.66005	Node7	0	5618	FullDelay	0.120052	120052	1	6
9.67005	Node7	0	662	LastDelay	0.120052	120052	1	6
9.67005	Node7	0	662	FullDelay	0.120052	120052	1	6
9.68005	Node7	0	7446	LastDelay	0.120052	120052	1	6
9.68005	Node7	0	7446	FullDelay	0.120052	120052	1	6
9.69005	Node7	0	5608	LastDelay	0.120052	120052	1	6
9.69005	Node7	0	5608	FullDelay	0.120052	120052	1	6
9.70002	Node7	0	353	LastDelay	0.0400174	40017.4	1	2
9.70002	Node7	0	353	FullDelay	0.0400174	40017.4	1	2
9.70005	Node7	0	260	LastDelay	0.120052	120052	1	6
9.70005	Node7	0	260	FullDelay	0.120052	120052	1	6
9.71005	Node7	0	6311	LastDelay	0.120052	120052	1	6
9.71005	Node7	0	6311	FullDelay	0.120052	120052	1	6
9.72005	Node7	0	25	LastDelay	0.120052	120052	1	6
9.72005	Node7	0	25	FullDelay	0.120052	120052	1	6
9.73005	Node7	0	2306	LastDelay	0.120052	120052	1	6
9.73005	Node7	0	2306	FullDelay	0.120052	120052	1	6
9.74005	Node7	0	24	LastDelay	0.120052	120052	1	6
9.74005	Node7	0	24	FullDelay	0.120052	120052	1	6
9.75005	Node7	0	2492	LastDelay	0.120052	120052	1	6
9.75005	Node7	0	2492	FullDelay	0.120052	120052	1	6
9.76005	Node7	0	2942	LastDelay	0.120052	120052	1	6
9.76005	Node7	0	2942	FullDelay	0.120052	120052	1	6
9.77005	Node7	0	5181	LastDelay	0.120052	120052	1	6
9.77005	Node7	0	5181	FullDelay	0.120052	120052	1	6
9.79005	Node7	0	89	LastDelay	0.120052	120052	1	6
9.79005	Node7	0	89	FullDelay	0.120052	120052	1	6
9.8	Node7	0	2	LastDelay	0	0	1	0
9.8	Node7	0	2	FullDelay	0	0	1	0
9.80005	Node7	0	8485	LastDelay	0.120052	120052	1	6
9.80005	Node7	0	8485	FullDelay	0.120052	120052	1	6
9.81004	Node7	0	6240	LastDelay	0.100043	100043	1	5
9.81004	Node7	0	6240	FullDelay	0.100043	100043	1	5
9.81005	Node7	0	165	LastDelay	0.120052	120052	1	6
9.81005	Node7	0	165	FullDelay	0.120052	120052	1	6
9.82005	Node7	0	4864	LastDelay	0.120052	120052	1	6
9.82005	Node7	0	4864	FullDelay	0.120052	120052	1	6
9.84005	Node7	0	132	LastDelay	0.120052	120052	1	6
9.84005	Node7	0	132	FullDelay	0.120052	120052	1	6
9.85005	Node7	0	6120	LastDelay	0.120052	120052	1	6
9.85005	Node7	0	6120	FullDelay	0.120052	120052	1	6
9.86005	Node7	0	8505	LastDelay	0.120052	120052	1	6
9.86005	Node7	0	8505	FullDelay	0.120052	120052	1	6
9.87005	Node7	0	660	LastDelay	0.120052	120052	1	6
9.87005	Node7	0	660	FullDelay	0.120052	120052	1	6
9.88005	Node7	0	7680	LastDelay	0.120052	120052	1	6
9.88005	Node7	0	7680	FullDelay	0.120052	120052	1	6
9.89005	Node7	0	8698	LastDelay	0.120052	120052	1	6
9.89005	Node7	0	8698	FullDelay	0.120052	120052	1	6
9.90005	Node7	0	827	LastDelay	0.120052	120052	1	6
9.90005	Node7	0	827	FullDelay	0.120052	120052	1	6
9.91005	Node7	0	1154	LastDelay	0.120052	120052	1	6
9.91005	Node7	0	1154	FullDelay	0.120052	120052	1	6
9.93005	Node7	0	24	LastDelay	0.120052	120052	1	6
9.93005	Node7	0	24	FullDelay	0.120052	120052	1	6
9.94003	Node7	0	2412	LastDelay	0.0600261	60026.1	1	3
9.94003	Node7	0	2412	FullDelay	0.0600261	60026.1	1	3
9.94005	Node7	0	1867	LastDelay	0.120052	120052	1	6
9.94005	Node7	0	1867	FullDelay	0.120052	120052	1	6
9.95005	Node7	0	2878	LastDelay	0.120052	120052	1	6
9.95005	Node7	0	2878	FullDelay	0.120052	120052	1	6
9.96005	Node7	0	521	LastDelay	0.120052	120052	1	6
9.96005	Node7	0	521	FullDelay	0.120052	120052	1	6
9.97005	Node7	0	2370	LastDelay	0.120052	120052	1	6
9.97005	Node7	0	2370	FullDelay	0.120052	120052	1	6
9.98001	Node7	0	3104	LastDelay	0.0200087	20008.7	1	1
9.98001	Node7	0	3104	FullDelay	0.0200087	20008.7	1	1
9.98005	Node7	0	5874	LastDelay	0.120052	120052	1	6
9.98005	Node7	0	5874	FullDelay	0.120052	120052	1	6
9.99001	Node7	0	11	LastDelay	0.0200087	20008.7	1	1
9.99001	Node7	0	11	FullDelay	0.0200087	20008.7	1	1
9.99005	Node7	0	3161	LastDelay	0.120052	120052	1	6
9.99005	Node7	0	3161	FullDelay	0.120052	120052	1	6
