Time	Node	AppId	SeqNo	Type	DelayS	DelayUS	RetxCount	HopCount
0.0800348	0	0	5731	LastDelay	0.0800348	80034.8	1	4
0.0800348	0	0	5731	FullDelay	0.0800348	80034.8	1	4
0.0900348	0	0	1429	LastDelay	0.0800348	80034.8	1	4
0.0900348	0	0	1429	FullDelay	0.0800348	80034.8	1	4
0.100035	0	0	701	LastDelay	0.0800348	80034.8	1	4
0.100035	0	0	701	FullDelay	0.0800348	80034.8	1	4
0.110035	0	0	2	LastDelay	0.0800347	80034.7	1	4
0.110035	0	0	2	FullDelay	0.0800347	80034.7	1	4
0.120035	0	0	852	LastDelay	0.0800348	80034.8	1	4
0.120035	0	0	852	FullDelay	0.0800348	80034.8	1	4
0.130035	0	0	7665	LastDelay	0.0800348	80034.8	1	4
0.130035	0	0	7665	FullDelay	0.0800348	80034.8	1	4
0.140035	0	0	2468	LastDelay	0.0800348	80034.8	1	4
0.140035	0	0	2468	FullDelay	0.0800348	80034.8	1	4
0.150035	0	0	2354	LastDelay	0.0800348	80034.8	1	4
0.150035	0	0	2354	FullDelay	0.0800348	80034.8	1	4
0.160035	0	0	228	LastDelay	0.0800347	80034.7	1	4
0.160035	0	0	228	FullDelay	0.0800347	80034.7	1	4
0.170035	0	0	32	LastDelay	0.0800347	80034.7	1	4
0.170035	0	0	32	FullDelay	0.0800347	80034.7	1	4
0.180035	0	0	5361	LastDelay	0.0800348	80034.8	1	4
0.180035	0	0	5361	FullDelay	0.0800348	80034.8	1	4
0.190035	0	0	2380	LastDelay	0.0800348	80034.8	1	4
0.190035	0	0	2380	FullDelay	0.0800348	80034.8	1	4
0.200035	0	0	6165	LastDelay	0.0800348	80034.8	1	4
0.200035	0	0	6165	FullDelay	0.0800348	80034.8	1	4
0.210035	0	0	924	LastDelay	0.0800348	80034.8	1	4
0.210035	0	0	924	FullDelay	0.0800348	80034.8	1	4
0.220035	0	0	3103	LastDelay	0.0800348	80034.8	1	4
0.220035	0	0	3103	FullDelay	0.0800348	80034.8	1	4
0.230035	0	0	2115	LastDelay	0.0800348	80034.8	1	4
0.230035	0	0	2115	FullDelay	0.0800348	80034.8	1	4
0.240035	0	0	2584	LastDelay	0.0800348	80034.8	1	4
0.240035	0	0	2584	FullDelay	0.0800348	80034.8	1	4
0.250035	0	0	9455	LastDelay	0.0800348	80034.8	1	4
0.250035	0	0	9455	FullDelay	0.0800348	80034.8	1	4
0.260009	0	0	2	LastDelay	0.0200087	20008.7	1	1
0.260009	0	0	2	FullDelay	0.0200087	20008.7	1	1
0.260035	0	0	5138	LastDelay	0.0800348	80034.8	1	4
0.260035	0	0	5138	FullDelay	0.0800348	80034.8	1	4
0.270035	0	0	1902	LastDelay	0.0800348	80034.8	1	4
0.270035	0	0	1902	FullDelay	0.0800348	80034.8	1	4
0.280035	0	0	8456	LastDelay	0.0800348	80034.8	1	4
0.280035	0	0	8456	FullDelay	0.0800348	80034.8	1	4
0.290035	0	0	2273	LastDelay	0.0800348	80034.8	1	4
0.290035	0	0	2273	FullDelay	0.0800348	80034.8	1	4
0.300035	0	0	88	LastDelay	0.0800347	80034.7	1	4
0.300035	0	0	88	FullDelay	0.0800347	80034.7	1	4
0.310035	0	0	7345	LastDelay	0.0800348	80034.8	1	4
0.310035	0	0	7345	FullDelay	0.0800348	80034.8	1	4
0.330035	0	0	2157	LastDelay	0.0800348	80034.8	1	4
0.330035	0	0	2157	FullDelay	0.0800348	80034.8	1	4
0.340035	0	0	9	LastDelay	0.0800347	80034.7	1	4
0.340035	0	0	9	FullDelay	0.0800347	80034.7	1	4
0.350035	0	0	864	LastDelay	0.0800348	80034.8	1	4
0.350035	0	0	864	FullDelay	0.0800348	80034.8	1	4
0.360035	0	0	23	LastDelay	0.0800347	80034.7	1	4
0.360035	0	0	23	FullDelay	0.0800347	80034.7	1	4
0.370035	0	0	6565	LastDelay	0.0800348	80034.8	1	4
0.370035	0	0	6565	FullDelay	0.0800348	80034.8	1	4
0.380035	0	0	353	LastDelay	0.0800348	80034.8	1	4
0.380035	0	0	353	FullDelay	0.0800348	80034.8	1	4
0.390035	0	0	5760	LastDelay	0.0800348	80034.8	1	4
0.390035	0	0	5760	FullDelay	0.0800348	80034.8	1	4
0.400035	0	0	1870	LastDelay	0.0800348	80034.8	1	4
0.400035	0	0	1870	FullDelay	0.0800348	80034.8	1	4
0.410035	0	0	5720	LastDelay	0.0800348	80034.8	1	4
0.410035	0	0	5720	FullDelay	0.0800348	80034.8	1	4
0.420035	0	0	3476	LastDelay	0.0800348	80034.8	1	4
0.420035	0	0	3476	FullDelay	0.0800348	80034.8	1	4
0.430035	0	0	4615	LastDelay	0.0800348	80034.8	1	4
0.430035	0	0	4615	FullDelay	0.0800348	80034.8	1	4
0.440035	0	0	9946	LastDelay	0.0800348	80034.8	1	4
0.440035	0	0	9946	FullDelay	0.0800348	80034.8	1	4
0.450035	0	0	3006	LastDelay	0.0800348	80034.8	1	4
0.450035	0	0	3006	FullDelay	0.0800348	80034.8	1	4
0.460035	0	0	848	LastDelay	0.0800348	80034.8	1	4
0.460035	0	0	848	FullDelay	0.0800348	80034.8	1	4
0.470035	0	0	11	LastDelay	0.0800347	80034.7	1	4
0.470035	0	0	11	FullDelay	0.0800347	80034.7	1	4
0.480035	0	0	185	LastDelay	0.0800347	80034.7	1	4
0.480035	0	0	185	FullDelay	0.0800347	80034.7	1	4
0.490035	0	0	7423	LastDelay	0.0800348	80034.8	1	4
0.490035	0	0	7423	FullDelay	0.0800348	80034.8	1	4
0.500035	0	0	1585	LastDelay	0.0800348	80034.8	1	4
0.500035	0	0	1585	FullDelay	0.0800348	80034.8	1	4
0.510035	0	0	8786	LastDelay	0.0800348	80034.8	1	4
0.510035	0	0	8786	FullDelay	0.0800348	80034.8	1	4
0.520035	0	0	3742	LastDelay	0.0800348	80034.8	1	4
0.520035	0	0	3742	FullDelay	0.0800348	80034.8	1	4
0.530035	0	0	1603	LastDelay	0.0800348	80034.8	1	4
0.530035	0	0	1603	FullDelay	0.0800348	80034.8	1	4
0.540035	0	0	334	LastDelay	0.0800348	80034.8	1	4
0.540035	0	0	334	FullDelay	0.0800348	80034.8	1	4
0.550035	0	0	9865	LastDelay	0.0800348	80034.8	1	4
0.550035	0	0	9865	FullDelay	0.0800348	80034.8	1	4
0.560035	0	0	291	LastDelay	0.0800348	80034.8	1	4
0.560035	0	0	291	FullDelay	0.0800348	80034.8	1	4
0.570035	0	0	6201	LastDelay	0.0800348	80034.8	1	4
0.570035	0	0	6201	FullDelay	0.0800348	80034.8	1	4
0.580035	0	0	1941	LastDelay	0.0800348	80034.8	1	4
0.580035	0	0	1941	FullDelay	0.0800348	80034.8	1	4
0.590035	0	0	22	LastDelay	0.0800347	80034.7	1	4
0.590035	0	0	22	FullDelay	0.0800347	80034.7	1	4
0.600035	0	0	431	LastDelay	0.0800348	80034.8	1	4
0.600035	0	0	431	FullDelay	0.0800348	80034.8	1	4
0.610035	0	0	5974	LastDelay	0.0800348	80034.8	1	4
0.610035	0	0	5974	FullDelay	0.0800348	80034.8	1	4
0.620035	0	0	380	LastDelay	0.0800348	80034.8	1	4
0.620035	0	0	380	FullDelay	0.0800348	80034.8	1	4
0.630035	0	0	6037	LastDelay	0.0800348	80034.8	1	4
0.630035	0	0	6037	FullDelay	0.0800348	80034.8	1	4
0.640035	0	0	2112	LastDelay	0.0800348	80034.8	1	4
0.640035	0	0	2112	FullDelay	0.0800348	80034.8	1	4
0.650035	0	0	1	LastDelay	0.0800347	80034.7	1	4
0.650035	0	0	1	FullDelay	0.0800347	80034.7	1	4
0.660035	0	0	4744	LastDelay	0.0800348	80034.8	1	4
0.660035	0	0	4744	FullDelay	0.0800348	80034.8	1	4
0.670035	0	0	3329	LastDelay	0.0800348	80034.8	1	4
0.670035	0	0	3329	FullDelay	0.0800348	80034.8	1	4
0.680035	0	0	8603	LastDelay	0.0800348	80034.8	1	4
0.680035	0	0	8603	FullDelay	0.0800348	80034.8	1	4
0.690035	0	0	2277	LastDelay	0.0800348	80034.8	1	4
0.690035	0	0	2277	FullDelay	0.0800348	80034.8	1	4
0.700035	0	0	987	LastDelay	0.0800348	80034.8	1	4
0.700035	0	0	987	FullDelay	0.0800348	80034.8	1	4
0.710035	0	0	9895	LastDelay	0.0800348	80034.8	1	4
0.710035	0	0	9895	FullDelay	0.0800348	80034.8	1	4
0.720035	0	0	1945	LastDelay	0.0800348	80034.8	1	4
0.720035	0	0	1945	FullDelay	0.0800348	80034.8	1	4
0.730009	0	0	2	LastDelay	0.0200087	20008.7	1	1
0.730009	0	0	2	FullDelay	0.0200087	20008.7	1	1
0.730035	0	0	7239	LastDelay	0.0800348	80034.8	1	4
0.730035	0	0	7239	FullDelay	0.0800348	80034.8	1	4
0.740035	0	0	5371	LastDelay	0.0800348	80034.8	1	4
0.740035	0	0	5371	FullDelay	0.0800348	80034.8	1	4
0.750035	0	0	1958	LastDelay	0.0800348	80034.8	1	4
0.750035	0	0	1958	FullDelay	0.0800348	80034.8	1	4
0.760035	0	0	9339	LastDelay	0.0800348	80034.8	1	4
0.760035	0	0	9339	FullDelay	0.0800348	80034.8	1	4
0.770035	0	0	33	LastDelay	0.0800347	80034.7	1	4
0.770035	0	0	33	FullDelay	0.0800347	80034.7	1	4
0.780035	0	0	3104	LastDelay	0.0800348	80034.8	1	4
0.780035	0	0	3104	FullDelay	0.0800348	80034.8	1	4
0.800035	0	0	8	LastDelay	0.0800347	80034.7	1	4
0.800035	0	0	8	FullDelay	0.0800347	80034.7	1	4
0.810035	0	0	91	LastDelay	0.0800347	80034.7	1	4
0.810035	0	0	91	FullDelay	0.0800347	80034.7	1	4
0.820035	0	0	335	LastDelay	0.0800348	80034.8	1	4
0.820035	0	0	335	FullDelay	0.0800348	80034.8	1	4
0.830035	0	0	64	LastDelay	0.0800347	80034.7	1	4
0.830035	0	0	64	FullDelay	0.0800347	80034.7	1	4
0.840035	0	0	3737	LastDelay	0.0800348	80034.8	1	4
0.840035	0	0	3737	FullDelay	0.0800348	80034.8	1	4
0.850035	0	0	1011	LastDelay	0.0800348	80034.8	1	4
0.850035	0	0	1011	FullDelay	0.0800348	80034.8	1	4
0.860035	0	0	243	LastDelay	0.0800347	80034.7	1	4
0.860035	0	0	243	FullDelay	0.0800347	80034.7	1	4
0.870035	0	0	498	LastDelay	0.0800348	80034.8	1	4
0.870035	0	0	498	FullDelay	0.0800348	80034.8	1	4
0.880035	0	0	53	LastDelay	0.0800347	80034.7	1	4
0.880035	0	0	53	FullDelay	0.0800347	80034.7	1	4
0.890035	0	0	6898	LastDelay	0.0800348	80034.8	1	4
0.890035	0	0	6898	FullDelay	0.0800348	80034.8	1	4
0.900035	0	0	36	LastDelay	0.0800347	80034.7	1	4
0.900035	0	0	36	FullDelay	0.0800347	80034.7	1	4
0.910035	0	0	49	LastDelay	0.0800347	80034.7	1	4
0.910035	0	0	49	FullDelay	0.0800347	80034.7	1	4
0.920035	0	0	3	LastDelay	0.0800347	80034.7	1	4
0.920035	0	0	3	FullDelay	0.0800347	80034.7	1	4
0.930035	0	0	379	LastDelay	0.0800348	80034.8	1	4
0.930035	0	0	379	FullDelay	0.0800348	80034.8	1	4
0.940035	0	0	1634	LastDelay	0.0800348	80034.8	1	4
0.940035	0	0	1634	FullDelay	0.0800348	80034.8	1	4
0.950035	0	0	59	LastDelay	0.0800347	80034.7	1	4
0.950035	0	0	59	FullDelay	0.0800347	80034.7	1	4
0.960035	0	0	660	LastDelay	0.0800348	80034.8	1	4
0.960035	0	0	660	FullDelay	0.0800348	80034.8	1	4
0.970035	0	0	2904	LastDelay	0.0800348	80034.8	1	4
0.970035	0	0	2904	FullDelay	0.0800348	80034.8	1	4
0.980035	0	0	301	LastDelay	0.0800348	80034.8	1	4
0.980035	0	0	301	FullDelay	0.0800348	80034.8	1	4
0.990035	0	0	17	LastDelay	0.0800347	80034.7	1	4
0.990035	0	0	17	FullDelay	0.0800347	80034.7	1	4
1.00003	0	0	8910	LastDelay	0.0800348	80034.8	1	4
1.00003	0	0	8910	FullDelay	0.0800348	80034.8	1	4
1.01003	0	0	7198	LastDelay	0.0800348	80034.8	1	4
1.01003	0	0	7198	FullDelay	0.0800348	80034.8	1	4
1.02003	0	0	8822	LastDelay	0.0800348	80034.8	1	4
1.02003	0	0	8822	FullDelay	0.0800348	80034.8	1	4
1.03003	0	0	5168	LastDelay	0.0800348	80034.8	1	4
1.03003	0	0	5168	FullDelay	0.0800348	80034.8	1	4
1.04003	0	0	18	LastDelay	0.0800347	80034.7	1	4
1.04003	0	0	18	FullDelay	0.0800347	80034.7	1	4
1.05003	0	0	1388	LastDelay	0.0800348	80034.8	1	4
1.05003	0	0	1388	FullDelay	0.0800348	80034.8	1	4
1.06003	0	0	62	LastDelay	0.0800347	80034.7	1	4
1.06003	0	0	62	FullDelay	0.0800347	80034.7	1	4
1.07003	0	0	2814	LastDelay	0.0800348	80034.8	1	4
1.07003	0	0	2814	FullDelay	0.0800348	80034.8	1	4
1.08003	0	0	7573	LastDelay	0.0800348	80034.8	1	4
1.08003	0	0	7573	FullDelay	0.0800348	80034.8	1	4
1.09003	0	0	2895	LastDelay	0.0800348	80034.8	1	4
1.09003	0	0	2895	FullDelay	0.0800348	80034.8	1	4
1.10003	0	0	972	LastDelay	0.0800348	80034.8	1	4
1.10003	0	0	972	FullDelay	0.0800348	80034.8	1	4
1.11003	0	0	5929	LastDelay	0.0800348	80034.8	1	4
1.11003	0	0	5929	FullDelay	0.0800348	80034.8	1	4
1.12003	0	0	2074	LastDelay	0.0800348	80034.8	1	4
1.12003	0	0	2074	FullDelay	0.0800348	80034.8	1	4
1.13003	0	0	362	LastDelay	0.0800348	80034.8	1	4
1.13003	0	0	362	FullDelay	0.0800348	80034.8	1	4
1.14003	0	0	429	LastDelay	0.0800348	80034.8	1	4
1.14003	0	0	429	FullDelay	0.0800348	80034.8	1	4
1.15003	0	0	2033	LastDelay	0.0800348	80034.8	1	4
1.15003	0	0	2033	FullDelay	0.0800348	80034.8	1	4
1.16003	0	0	9268	LastDelay	0.0800348	80034.8	1	4
1.16003	0	0	9268	FullDelay	0.0800348	80034.8	1	4
1.17003	0	0	1	LastDelay	3.4716e-05	34.716	1	4
1.17003	0	0	1	FullDelay	0.0800347	80034.7	2	4
1.18003	0	0	947	LastDelay	0.0800348	80034.8	1	4
1.18003	0	0	947	FullDelay	0.0800348	80034.8	1	4
1.19003	0	0	52	LastDelay	0.0800347	80034.7	1	4
1.19003	0	0	52	FullDelay	0.0800347	80034.7	1	4
1.20003	0	0	73	LastDelay	0.0800347	80034.7	1	4
1.20003	0	0	73	FullDelay	0.0800347	80034.7	1	4
1.21003	0	0	1555	LastDelay	0.0800348	80034.8	1	4
1.21003	0	0	1555	FullDelay	0.0800348	80034.8	1	4
1.22003	0	0	25	LastDelay	0.0800347	80034.7	1	4
1.22003	0	0	25	FullDelay	0.0800347	80034.7	1	4
1.23003	0	0	4574	LastDelay	0.0800348	80034.8	1	4
1.23003	0	0	4574	FullDelay	0.0800348	80034.8	1	4
1.24003	0	0	9279	LastDelay	0.0800348	80034.8	1	4
1.24003	0	0	9279	FullDelay	0.0800348	80034.8	1	4
1.26003	0	0	159	LastDelay	0.0800347	80034.7	1	4
1.26003	0	0	159	FullDelay	0.0800347	80034.7	1	4
1.27003	0	0	1928	LastDelay	0.0800348	80034.8	1	4
1.27003	0	0	1928	FullDelay	0.0800348	80034.8	1	4
1.28003	0	0	7	LastDelay	0.0800347	80034.7	1	4
1.28003	0	0	7	FullDelay	0.0800347	80034.7	1	4
1.29003	0	0	334	LastDelay	0.0800348	80034.8	1	4
1.29003	0	0	334	FullDelay	0.0800348	80034.8	1	4
1.30003	0	0	826	LastDelay	0.0800348	80034.8	1	4
1.30003	0	0	826	FullDelay	0.0800348	80034.8	1	4
1.31003	0	0	26	LastDelay	0.0800347	80034.7	1	4
1.31003	0	0	26	FullDelay	0.0800347	80034.7	1	4
1.32003	0	0	1154	LastDelay	0.0800348	80034.8	1	4
1.32003	0	0	1154	FullDelay	0.0800348	80034.8	1	4
1.33003	0	0	358	LastDelay	0.0800348	80034.8	1	4
1.33003	0	0	358	FullDelay	0.0800348	80034.8	1	4
1.34003	0	0	5003	LastDelay	0.0800348	80034.8	1	4
1.34003	0	0	5003	FullDelay	0.0800348	80034.8	1	4
1.35003	0	0	681	LastDelay	0.0800348	80034.8	1	4
1.35003	0	0	681	FullDelay	0.0800348	80034.8	1	4
1.36003	0	0	4659	LastDelay	0.0800348	80034.8	1	4
1.36003	0	0	4659	FullDelay	0.0800348	80034.8	1	4
1.37003	0	0	504	LastDelay	0.0800348	80034.8	1	4
1.37003	0	0	504	FullDelay	0.0800348	80034.8	1	4
1.38003	0	0	2374	LastDelay	0.0800348	80034.8	1	4
1.38003	0	0	2374	FullDelay	0.0800348	80034.8	1	4
1.39003	0	0	4562	LastDelay	0.0800348	80034.8	1	4
1.39003	0	0	4562	FullDelay	0.0800348	80034.8	1	4
1.40003	0	0	45	LastDelay	0.0800347	80034.7	1	4
1.40003	0	0	45	FullDelay	0.0800347	80034.7	1	4
1.41003	0	0	6518	LastDelay	0.0800348	80034.8	1	4
1.41003	0	0	6518	FullDelay	0.0800348	80034.8	1	4
1.42003	0	0	4546	LastDelay	0.0800348	80034.8	1	4
1.42003	0	0	4546	FullDelay	0.0800348	80034.8	1	4
1.43003	0	0	166	LastDelay	0.0800347	80034.7	1	4
1.43003	0	0	166	FullDelay	0.0800347	80034.7	1	4
1.44003	0	0	4996	LastDelay	0.0800348	80034.8	1	4
1.44003	0	0	4996	FullDelay	0.0800348	80034.8	1	4
1.45003	0	0	126	LastDelay	0.0800347	80034.7	1	4
1.45003	0	0	126	FullDelay	0.0800347	80034.7	1	4
1.46003	0	0	7490	LastDelay	0.0800348	80034.8	1	4
1.46003	0	0	7490	FullDelay	0.0800348	80034.8	1	4
1.47003	0	0	3107	LastDelay	0.0800348	80034.8	1	4
1.47003	0	0	3107	FullDelay	0.0800348	80034.8	1	4
1.48003	0	0	41	LastDelay	0.0800347	80034.7	1	4
1.48003	0	0	41	FullDelay	0.0800347	80034.7	1	4
1.49003	0	0	4377	LastDelay	0.0800348	80034.8	1	4
1.49003	0	0	4377	FullDelay	0.0800348	80034.8	1	4
1.50003	0	0	1052	LastDelay	0.0800348	80034.8	1	4
1.50003	0	0	1052	FullDelay	0.0800348	80034.8	1	4
1.51003	0	0	963	LastDelay	0.0800348	80034.8	1	4
1.51003	0	0	963	FullDelay	0.0800348	80034.8	1	4
1.52003	0	0	2656	LastDelay	0.0800348	80034.8	1	4
1.52003	0	0	2656	FullDelay	0.0800348	80034.8	1	4
1.53003	0	0	5109	LastDelay	0.0800348	80034.8	1	4
1.53003	0	0	5109	FullDelay	0.0800348	80034.8	1	4
1.54003	0	0	4475	LastDelay	0.0800348	80034.8	1	4
1.54003	0	0	4475	FullDelay	0.0800348	80034.8	1	4
1.55003	0	0	8174	LastDelay	0.0800348	80034.8	1	4
1.55003	0	0	8174	FullDelay	0.0800348	80034.8	1	4
1.56003	0	0	14	LastDelay	0.0800347	80034.7	1	4
1.56003	0	0	14	FullDelay	0.0800347	80034.7	1	4
1.57003	0	0	73	LastDelay	0.0800347	80034.7	1	4
1.57003	0	0	73	FullDelay	0.0800347	80034.7	1	4
1.58003	0	0	560	LastDelay	0.0800348	80034.8	1	4
1.58003	0	0	560	FullDelay	0.0800348	80034.8	1	4
1.59003	0	0	1567	LastDelay	0.0800348	80034.8	1	4
1.59003	0	0	1567	FullDelay	0.0800348	80034.8	1	4
1.60003	0	0	509	LastDelay	0.0800348	80034.8	1	4
1.60003	0	0	509	FullDelay	0.0800348	80034.8	1	4
1.61003	0	0	8264	LastDelay	0.0800348	80034.8	1	4
1.61003	0	0	8264	FullDelay	0.0800348	80034.8	1	4
1.62003	0	0	1110	LastDelay	0.0800348	80034.8	1	4
1.62003	0	0	1110	FullDelay	0.0800348	80034.8	1	4
1.63003	0	0	1207	LastDelay	0.0800348	80034.8	1	4
1.63003	0	0	1207	FullDelay	0.0800348	80034.8	1	4
1.64003	0	0	192	LastDelay	0.0800347	80034.7	1	4
1.64003	0	0	192	FullDelay	0.0800347	80034.7	1	4
1.65003	0	0	678	LastDelay	0.0800348	80034.8	1	4
1.65003	0	0	678	FullDelay	0.0800348	80034.8	1	4
1.66003	0	0	140	LastDelay	0.0800347	80034.7	1	4
1.66003	0	0	140	FullDelay	0.0800347	80034.7	1	4
1.67003	0	0	5671	LastDelay	0.0800348	80034.8	1	4
1.67003	0	0	5671	FullDelay	0.0800348	80034.8	1	4
1.68003	0	0	2840	LastDelay	0.0800348	80034.8	1	4
1.68003	0	0	2840	FullDelay	0.0800348	80034.8	1	4
1.69003	0	0	354	LastDelay	0.0800348	80034.8	1	4
1.69003	0	0	354	FullDelay	0.0800348	80034.8	1	4
1.70003	0	0	9492	LastDelay	0.0800348	80034.8	1	4
1.70003	0	0	9492	FullDelay	0.0800348	80034.8	1	4
1.71003	0	0	3687	LastDelay	0.0800348	80034.8	1	4
1.71003	0	0	3687	FullDelay	0.0800348	80034.8	1	4
1.72003	0	0	865	LastDelay	0.0800348	80034.8	1	4
1.72003	0	0	865	FullDelay	0.0800348	80034.8	1	4
1.73003	0	0	88	LastDelay	0.0800347	80034.7	1	4
1.73003	0	0	88	FullDelay	0.0800347	80034.7	1	4
1.74003	0	0	3322	LastDelay	0.0800348	80034.8	1	4
1.74003	0	0	3322	FullDelay	0.0800348	80034.8	1	4
1.75003	0	0	6	LastDelay	0.0800347	80034.7	1	4
1.75003	0	0	6	FullDelay	0.0800347	80034.7	1	4
1.76003	0	0	3865	LastDelay	0.0800348	80034.8	1	4
1.76003	0	0	3865	FullDelay	0.0800348	80034.8	1	4
1.77003	0	0	7089	LastDelay	0.0800348	80034.8	1	4
1.77003	0	0	7089	FullDelay	0.0800348	80034.8	1	4
1.78003	0	0	210	LastDelay	0.0800347	80034.7	1	4
1.78003	0	0	210	FullDelay	0.0800347	80034.7	1	4
1.79003	0	0	8	LastDelay	0.0800347	80034.7	1	4
1.79003	0	0	8	FullDelay	0.0800347	80034.7	1	4
1.80003	0	0	4	LastDelay	0.0800347	80034.7	1	4
1.80003	0	0	4	FullDelay	0.0800347	80034.7	1	4
1.81003	0	0	171	LastDelay	0.0800347	80034.7	1	4
1.81003	0	0	171	FullDelay	0.0800347	80034.7	1	4
1.82003	0	0	6994	LastDelay	0.0800348	80034.8	1	4
1.82003	0	0	6994	FullDelay	0.0800348	80034.8	1	4
1.83003	0	0	8799	LastDelay	0.0800348	80034.8	1	4
1.83003	0	0	8799	FullDelay	0.0800348	80034.8	1	4
1.84003	0	0	1994	LastDelay	0.0800348	80034.8	1	4
1.84003	0	0	1994	FullDelay	0.0800348	80034.8	1	4
1.85003	0	0	2732	LastDelay	0.0800348	80034.8	1	4
1.85003	0	0	2732	FullDelay	0.0800348	80034.8	1	4
1.86003	0	0	8317	LastDelay	0.0800348	80034.8	1	4
1.86003	0	0	8317	FullDelay	0.0800348	80034.8	1	4
1.87003	0	0	16	LastDelay	0.0800347	80034.7	1	4
1.87003	0	0	16	FullDelay	0.0800347	80034.7	1	4
1.88003	0	0	5483	LastDelay	0.0800348	80034.8	1	4
1.88003	0	0	5483	FullDelay	0.0800348	80034.8	1	4
1.89003	0	0	9885	LastDelay	0.0800348	80034.8	1	4
1.89003	0	0	9885	FullDelay	0.0800348	80034.8	1	4
1.90003	0	0	328	LastDelay	0.0800348	80034.8	1	4
1.90003	0	0	328	FullDelay	0.0800348	80034.8	1	4
1.91003	0	0	2736	LastDelay	0.0800348	80034.8	1	4
1.91003	0	0	2736	FullDelay	0.0800348	80034.8	1	4
1.92003	0	0	3370	LastDelay	0.0800348	80034.8	1	4
1.92003	0	0	3370	FullDelay	0.0800348	80034.8	1	4
1.93003	0	0	809	LastDelay	0.0800348	80034.8	1	4
1.93003	0	0	809	FullDelay	0.0800348	80034.8	1	4
1.94003	0	0	2210	LastDelay	0.0800348	80034.8	1	4
1.94003	0	0	2210	FullDelay	0.0800348	80034.8	1	4
1.95003	0	0	1509	LastDelay	0.0800348	80034.8	1	4
1.95003	0	0	1509	FullDelay	0.0800348	80034.8	1	4
1.96003	0	0	1932	LastDelay	0.0800348	80034.8	1	4
1.96003	0	0	1932	FullDelay	0.0800348	80034.8	1	4
1.97003	0	0	4	LastDelay	0.0800347	80034.7	1	4
1.97003	0	0	4	FullDelay	0.0800347	80034.7	1	4
1.98003	0	0	433	LastDelay	0.0800348	80034.8	1	4
1.98003	0	0	433	FullDelay	0.0800348	80034.8	1	4
1.99003	0	0	4547	LastDelay	0.0800348	80034.8	1	4
1.99003	0	0	4547	FullDelay	0.0800348	80034.8	1	4
2.00003	0	0	21	LastDelay	0.0800347	80034.7	1	4
2.00003	0	0	21	FullDelay	0.0800347	80034.7	1	4
2.01003	0	0	15	LastDelay	0.0800347	80034.7	1	4
2.01003	0	0	15	FullDelay	0.0800347	80034.7	1	4
2.02003	0	0	1613	LastDelay	0.0800348	80034.8	1	4
2.02003	0	0	1613	FullDelay	0.0800348	80034.8	1	4
2.03003	0	0	34	LastDelay	0.0800347	80034.7	1	4
2.03003	0	0	34	FullDelay	0.0800347	80034.7	1	4
2.04003	0	0	4379	LastDelay	0.0800348	80034.8	1	4
2.04003	0	0	4379	FullDelay	0.0800348	80034.8	1	4
2.05003	0	0	2440	LastDelay	0.0800348	80034.8	1	4
2.05003	0	0	2440	FullDelay	0.0800348	80034.8	1	4
2.06003	0	0	8607	LastDelay	0.0800348	80034.8	1	4
2.06003	0	0	8607	FullDelay	0.0800348	80034.8	1	4
2.07003	0	0	5452	LastDelay	0.0800348	80034.8	1	4
2.07003	0	0	5452	FullDelay	0.0800348	80034.8	1	4
2.08003	0	0	29	LastDelay	0.0800347	80034.7	1	4
2.08003	0	0	29	FullDelay	0.0800347	80034.7	1	4
2.09003	0	0	2235	LastDelay	0.0800348	80034.8	1	4
2.09003	0	0	2235	FullDelay	0.0800348	80034.8	1	4
2.10003	0	0	432	LastDelay	0.0800348	80034.8	1	4
2.10003	0	0	432	FullDelay	0.0800348	80034.8	1	4
2.11003	0	0	32	LastDelay	0.0800347	80034.7	1	4
2.11003	0	0	32	FullDelay	0.0800347	80034.7	1	4
2.12003	0	0	8284	LastDelay	0.0800348	80034.8	1	4
2.12003	0	0	8284	FullDelay	0.0800348	80034.8	1	4
2.13003	0	0	404	LastDelay	0.0800348	80034.8	1	4
2.13003	0	0	404	FullDelay	0.0800348	80034.8	1	4
2.14003	0	0	1534	LastDelay	0.0800348	80034.8	1	4
2.14003	0	0	1534	FullDelay	0.0800348	80034.8	1	4
2.15003	0	0	4049	LastDelay	0.0800348	80034.8	1	4
2.15003	0	0	4049	FullDelay	0.0800348	80034.8	1	4
2.16003	0	0	5353	LastDelay	0.0800348	80034.8	1	4
2.16003	0	0	5353	FullDelay	0.0800348	80034.8	1	4
2.17003	0	0	2073	LastDelay	0.0800348	80034.8	1	4
2.17003	0	0	2073	FullDelay	0.0800348	80034.8	1	4
2.18003	0	0	5	LastDelay	0.0800347	80034.7	1	4
2.18003	0	0	5	FullDelay	0.0800347	80034.7	1	4
2.19003	0	0	1446	LastDelay	0.0800348	80034.8	1	4
2.19003	0	0	1446	FullDelay	0.0800348	80034.8	1	4
2.20003	0	0	38	LastDelay	0.0800347	80034.7	1	4
2.20003	0	0	38	FullDelay	0.0800347	80034.7	1	4
2.21003	0	0	3970	LastDelay	0.0800348	80034.8	1	4
2.21003	0	0	3970	FullDelay	0.0800348	80034.8	1	4
2.22003	0	0	595	LastDelay	0.0800348	80034.8	1	4
2.22003	0	0	595	FullDelay	0.0800348	80034.8	1	4
2.23002	0	0	5	LastDelay	0.0400174	40017.4	1	2
2.23002	0	0	5	FullDelay	0.0400174	40017.4	1	2
2.23003	0	0	886	LastDelay	0.0800348	80034.8	1	4
2.23003	0	0	886	FullDelay	0.0800348	80034.8	1	4
2.24003	0	0	404	LastDelay	0.0800348	80034.8	1	4
2.24003	0	0	404	FullDelay	0.0800348	80034.8	1	4
2.25003	0	0	655	LastDelay	0.0800348	80034.8	1	4
2.25003	0	0	655	FullDelay	0.0800348	80034.8	1	4
2.26003	0	0	1408	LastDelay	0.0800348	80034.8	1	4
2.26003	0	0	1408	FullDelay	0.0800348	80034.8	1	4
2.28003	0	0	2082	LastDelay	0.0800348	80034.8	1	4
2.28003	0	0	2082	FullDelay	0.0800348	80034.8	1	4
2.29003	0	0	7257	LastDelay	0.0800348	80034.8	1	4
2.29003	0	0	7257	FullDelay	0.0800348	80034.8	1	4
2.30003	0	0	4785	LastDelay	0.0800348	80034.8	1	4
2.30003	0	0	4785	FullDelay	0.0800348	80034.8	1	4
2.31003	0	0	9147	LastDelay	0.0800348	80034.8	1	4
2.31003	0	0	9147	FullDelay	0.0800348	80034.8	1	4
2.32003	0	0	206	LastDelay	0.0800347	80034.7	1	4
2.32003	0	0	206	FullDelay	0.0800347	80034.7	1	4
2.33003	0	0	5576	LastDelay	0.0800348	80034.8	1	4
2.33003	0	0	5576	FullDelay	0.0800348	80034.8	1	4
2.34003	0	0	4526	LastDelay	0.0800348	80034.8	1	4
2.34003	0	0	4526	FullDelay	0.0800348	80034.8	1	4
2.35003	0	0	18	LastDelay	0.0800347	80034.7	1	4
2.35003	0	0	18	FullDelay	0.0800347	80034.7	1	4
2.36003	0	0	5219	LastDelay	0.0800348	80034.8	1	4
2.36003	0	0	5219	FullDelay	0.0800348	80034.8	1	4
2.37003	0	0	416	LastDelay	0.0800348	80034.8	1	4
2.37003	0	0	416	FullDelay	0.0800348	80034.8	1	4
2.38003	0	0	151	LastDelay	0.0800347	80034.7	1	4
2.38003	0	0	151	FullDelay	0.0800347	80034.7	1	4
2.39003	0	0	7158	LastDelay	0.0800348	80034.8	1	4
2.39003	0	0	7158	FullDelay	0.0800348	80034.8	1	4
2.40003	0	0	7445	LastDelay	0.0800348	80034.8	1	4
2.40003	0	0	7445	FullDelay	0.0800348	80034.8	1	4
2.41003	0	0	5100	LastDelay	0.0800348	80034.8	1	4
2.41003	0	0	5100	FullDelay	0.0800348	80034.8	1	4
2.42003	0	0	163	LastDelay	0.0800347	80034.7	1	4
2.42003	0	0	163	FullDelay	0.0800347	80034.7	1	4
2.43003	0	0	5801	LastDelay	0.0800348	80034.8	1	4
2.43003	0	0	5801	FullDelay	0.0800348	80034.8	1	4
2.44003	0	0	6305	LastDelay	0.0800348	80034.8	1	4
2.44003	0	0	6305	FullDelay	0.0800348	80034.8	1	4
2.45003	0	0	18	LastDelay	0.0800347	80034.7	1	4
2.45003	0	0	18	FullDelay	0.0800347	80034.7	1	4
2.46003	0	0	907	LastDelay	0.0800348	80034.8	1	4
2.46003	0	0	907	FullDelay	0.0800348	80034.8	1	4
2.47003	0	0	6637	LastDelay	0.0800348	80034.8	1	4
2.47003	0	0	6637	FullDelay	0.0800348	80034.8	1	4
2.48003	0	0	7506	LastDelay	0.0800348	80034.8	1	4
2.48003	0	0	7506	FullDelay	0.0800348	80034.8	1	4
2.49003	0	0	2144	LastDelay	0.0800348	80034.8	1	4
2.49003	0	0	2144	FullDelay	0.0800348	80034.8	1	4
2.50003	0	0	1157	LastDelay	0.0800348	80034.8	1	4
2.50003	0	0	1157	FullDelay	0.0800348	80034.8	1	4
2.51003	0	0	6472	LastDelay	0.0800348	80034.8	1	4
2.51003	0	0	6472	FullDelay	0.0800348	80034.8	1	4
2.52003	0	0	2311	LastDelay	0.0800348	80034.8	1	4
2.52003	0	0	2311	FullDelay	0.0800348	80034.8	1	4
2.53003	0	0	123	LastDelay	0.0800347	80034.7	1	4
2.53003	0	0	123	FullDelay	0.0800347	80034.7	1	4
2.54003	0	0	263	LastDelay	0.0800348	80034.8	1	4
2.54003	0	0	263	FullDelay	0.0800348	80034.8	1	4
2.55003	0	0	369	LastDelay	0.0800348	80034.8	1	4
2.55003	0	0	369	FullDelay	0.0800348	80034.8	1	4
2.56003	0	0	7179	LastDelay	0.0800348	80034.8	1	4
2.56003	0	0	7179	FullDelay	0.0800348	80034.8	1	4
2.57003	0	0	4361	LastDelay	0.0800348	80034.8	1	4
2.57003	0	0	4361	FullDelay	0.0800348	80034.8	1	4
2.58003	0	0	25	LastDelay	0.0800347	80034.7	1	4
2.58003	0	0	25	FullDelay	0.0800347	80034.7	1	4
2.59003	0	0	577	LastDelay	0.0800348	80034.8	1	4
2.59003	0	0	577	FullDelay	0.0800348	80034.8	1	4
2.60003	0	0	479	LastDelay	0.0800348	80034.8	1	4
2.60003	0	0	479	FullDelay	0.0800348	80034.8	1	4
2.61003	0	0	1140	LastDelay	0.0800348	80034.8	1	4
2.61003	0	0	1140	FullDelay	0.0800348	80034.8	1	4
2.62003	0	0	707	LastDelay	0.0800348	80034.8	1	4
2.62003	0	0	707	FullDelay	0.0800348	80034.8	1	4
2.63003	0	0	1467	LastDelay	0.0800348	80034.8	1	4
2.63003	0	0	1467	FullDelay	0.0800348	80034.8	1	4
2.64003	0	0	1054	LastDelay	0.0800348	80034.8	1	4
2.64003	0	0	1054	FullDelay	0.0800348	80034.8	1	4
2.65003	0	0	1127	LastDelay	0.0800348	80034.8	1	4
2.65003	0	0	1127	FullDelay	0.0800348	80034.8	1	4
2.66003	0	0	5796	LastDelay	0.0800348	80034.8	1	4
2.66003	0	0	5796	FullDelay	0.0800348	80034.8	1	4
2.67003	0	0	1532	LastDelay	0.0800348	80034.8	1	4
2.67003	0	0	1532	FullDelay	0.0800348	80034.8	1	4
2.68003	0	0	5203	LastDelay	0.0800348	80034.8	1	4
2.68003	0	0	5203	FullDelay	0.0800348	80034.8	1	4
2.69003	0	0	21	LastDelay	0.0800347	80034.7	1	4
2.69003	0	0	21	FullDelay	0.0800347	80034.7	1	4
2.70003	0	0	8875	LastDelay	0.0800348	80034.8	1	4
2.70003	0	0	8875	FullDelay	0.0800348	80034.8	1	4
2.71003	0	0	968	LastDelay	0.0300348	30034.8	1	4
2.71003	0	0	968	FullDelay	0.0800348	80034.8	2	4
2.72003	0	0	9790	LastDelay	0.0800348	80034.8	1	4
2.72003	0	0	9790	FullDelay	0.0800348	80034.8	1	4
2.73003	0	0	1119	LastDelay	0.0800348	80034.8	1	4
2.73003	0	0	1119	FullDelay	0.0800348	80034.8	1	4
2.74003	0	0	66	LastDelay	0.0800347	80034.7	1	4
2.74003	0	0	66	FullDelay	0.0800347	80034.7	1	4
2.75003	0	0	6421	LastDelay	0.0800348	80034.8	1	4
2.75003	0	0	6421	FullDelay	0.0800348	80034.8	1	4
2.77003	0	0	231	LastDelay	0.0800347	80034.7	1	4
2.77003	0	0	231	FullDelay	0.0800347	80034.7	1	4
2.78003	0	0	235	LastDelay	0.0800347	80034.7	1	4
2.78003	0	0	235	FullDelay	0.0800347	80034.7	1	4
2.79003	0	0	3	LastDelay	0.0800347	80034.7	1	4
2.79003	0	0	3	FullDelay	0.0800347	80034.7	1	4
2.80003	0	0	9602	LastDelay	0.0800348	80034.8	1	4
2.80003	0	0	9602	FullDelay	0.0800348	80034.8	1	4
2.81003	0	0	5350	LastDelay	0.0800348	80034.8	1	4
2.81003	0	0	5350	FullDelay	0.0800348	80034.8	1	4
2.82003	0	0	319	LastDelay	0.0800348	80034.8	1	4
2.82003	0	0	319	FullDelay	0.0800348	80034.8	1	4
2.83003	0	0	27	LastDelay	0.0800347	80034.7	1	4
2.83003	0	0	27	FullDelay	0.0800347	80034.7	1	4
2.84003	0	0	4502	LastDelay	0.0800348	80034.8	1	4
2.84003	0	0	4502	FullDelay	0.0800348	80034.8	1	4
2.85003	0	0	250	LastDelay	0.0800347	80034.7	1	4
2.85003	0	0	250	FullDelay	0.0800347	80034.7	1	4
2.86003	0	0	165	LastDelay	0.0800347	80034.7	1	4
2.86003	0	0	165	FullDelay	0.0800347	80034.7	1	4
2.87003	0	0	3630	LastDelay	0.0800348	80034.8	1	4
2.87003	0	0	3630	FullDelay	0.0800348	80034.8	1	4
2.88003	0	0	6557	LastDelay	0.0800348	80034.8	1	4
2.88003	0	0	6557	FullDelay	0.0800348	80034.8	1	4
2.89003	0	0	71	LastDelay	0.0800347	80034.7	1	4
2.89003	0	0	71	FullDelay	0.0800347	80034.7	1	4
2.90003	0	0	139	LastDelay	0.0800347	80034.7	1	4
2.90003	0	0	139	FullDelay	0.0800347	80034.7	1	4
2.91003	0	0	7383	LastDelay	0.0800348	80034.8	1	4
2.91003	0	0	7383	FullDelay	0.0800348	80034.8	1	4
2.92003	0	0	4403	LastDelay	0.0800348	80034.8	1	4
2.92003	0	0	4403	FullDelay	0.0800348	80034.8	1	4
2.93003	0	0	5164	LastDelay	0.0800348	80034.8	1	4
2.93003	0	0	5164	FullDelay	0.0800348	80034.8	1	4
2.94003	0	0	163	LastDelay	0.0800347	80034.7	1	4
2.94003	0	0	163	FullDelay	0.0800347	80034.7	1	4
2.95003	0	0	9480	LastDelay	0.0800348	80034.8	1	4
2.95003	0	0	9480	FullDelay	0.0800348	80034.8	1	4
2.96003	0	0	102	LastDelay	0.0800347	80034.7	1	4
2.96003	0	0	102	FullDelay	0.0800347	80034.7	1	4
2.97003	0	0	4047	LastDelay	0.0800348	80034.8	1	4
2.97003	0	0	4047	FullDelay	0.0800348	80034.8	1	4
2.98003	0	0	8985	LastDelay	0.0800348	80034.8	1	4
2.98003	0	0	8985	FullDelay	0.0800348	80034.8	1	4
2.99003	0	0	3164	LastDelay	0.0800348	80034.8	1	4
2.99003	0	0	3164	FullDelay	0.0800348	80034.8	1	4
3.00003	0	0	2432	LastDelay	0.0800348	80034.8	1	4
3.00003	0	0	2432	FullDelay	0.0800348	80034.8	1	4
3.01002	0	0	5	LastDelay	0.0400174	40017.4	1	2
3.01002	0	0	5	FullDelay	0.0400174	40017.4	1	2
3.01003	0	0	5320	LastDelay	0.0800348	80034.8	1	4
3.01003	0	0	5320	FullDelay	0.0800348	80034.8	1	4
3.02003	0	0	421	LastDelay	0.0800348	80034.8	1	4
3.02003	0	0	421	FullDelay	0.0800348	80034.8	1	4
3.03003	0	0	66	LastDelay	0.0800347	80034.7	1	4
3.03003	0	0	66	FullDelay	0.0800347	80034.7	1	4
3.04003	0	0	162	LastDelay	0.0800347	80034.7	1	4
3.04003	0	0	162	FullDelay	0.0800347	80034.7	1	4
3.06003	0	0	5198	LastDelay	0.0800348	80034.8	1	4
3.06003	0	0	5198	FullDelay	0.0800348	80034.8	1	4
3.07003	0	0	7295	LastDelay	0.0800348	80034.8	1	4
3.07003	0	0	7295	FullDelay	0.0800348	80034.8	1	4
3.08003	0	0	1153	LastDelay	0.0800348	80034.8	1	4
3.08003	0	0	1153	FullDelay	0.0800348	80034.8	1	4
3.09003	0	0	401	LastDelay	0.0800348	80034.8	1	4
3.09003	0	0	401	FullDelay	0.0800348	80034.8	1	4
3.10003	0	0	5031	LastDelay	0.0800348	80034.8	1	4
3.10003	0	0	5031	FullDelay	0.0800348	80034.8	1	4
3.11003	0	0	58	LastDelay	0.0800347	80034.7	1	4
3.11003	0	0	58	FullDelay	0.0800347	80034.7	1	4
3.12003	0	0	6175	LastDelay	0.0800348	80034.8	1	4
3.12003	0	0	6175	FullDelay	0.0800348	80034.8	1	4
3.13003	0	0	570	LastDelay	0.0800348	80034.8	1	4
3.13003	0	0	570	FullDelay	0.0800348	80034.8	1	4
3.14003	0	0	498	LastDelay	0.0800348	80034.8	1	4
3.14003	0	0	498	FullDelay	0.0800348	80034.8	1	4
3.15003	0	0	9261	LastDelay	0.0800348	80034.8	1	4
3.15003	0	0	9261	FullDelay	0.0800348	80034.8	1	4
3.16003	0	0	3575	LastDelay	0.0800348	80034.8	1	4
3.16003	0	0	3575	FullDelay	0.0800348	80034.8	1	4
3.17003	0	0	6544	LastDelay	0.0800348	80034.8	1	4
3.17003	0	0	6544	FullDelay	0.0800348	80034.8	1	4
3.18003	0	0	3894	LastDelay	0.0800348	80034.8	1	4
3.18003	0	0	3894	FullDelay	0.0800348	80034.8	1	4
3.19003	0	0	7419	LastDelay	0.0800348	80034.8	1	4
3.19003	0	0	7419	FullDelay	0.0800348	80034.8	1	4
3.20003	0	0	648	LastDelay	0.0800348	80034.8	1	4
3.20003	0	0	648	FullDelay	0.0800348	80034.8	1	4
3.21003	0	0	819	LastDelay	0.0800348	80034.8	1	4
3.21003	0	0	819	FullDelay	0.0800348	80034.8	1	4
3.22003	0	0	396	LastDelay	0.0800348	80034.8	1	4
3.22003	0	0	396	FullDelay	0.0800348	80034.8	1	4
3.23003	0	0	7253	LastDelay	0.0800348	80034.8	1	4
3.23003	0	0	7253	FullDelay	0.0800348	80034.8	1	4
3.24003	0	0	30	LastDelay	0.0800347	80034.7	1	4
3.24003	0	0	30	FullDelay	0.0800347	80034.7	1	4
3.25003	0	0	2852	LastDelay	0.0800348	80034.8	1	4
3.25003	0	0	2852	FullDelay	0.0800348	80034.8	1	4
3.26003	0	0	194	LastDelay	0.0800347	80034.7	1	4
3.26003	0	0	194	FullDelay	0.0800347	80034.7	1	4
3.27003	0	0	790	LastDelay	0.0800348	80034.8	1	4
3.27003	0	0	790	FullDelay	0.0800348	80034.8	1	4
3.28003	0	0	4604	LastDelay	0.0800348	80034.8	1	4
3.28003	0	0	4604	FullDelay	0.0800348	80034.8	1	4
3.29003	0	0	287	LastDelay	0.0800348	80034.8	1	4
3.29003	0	0	287	FullDelay	0.0800348	80034.8	1	4
3.30003	0	0	3976	LastDelay	0.0800348	80034.8	1	4
3.30003	0	0	3976	FullDelay	0.0800348	80034.8	1	4
3.31003	0	0	3893	LastDelay	0.0800348	80034.8	1	4
3.31003	0	0	3893	FullDelay	0.0800348	80034.8	1	4
3.32003	0	0	2414	LastDelay	0.0800348	80034.8	1	4
3.32003	0	0	2414	FullDelay	0.0800348	80034.8	1	4
3.33003	0	0	3120	LastDelay	0.0800348	80034.8	1	4
3.33003	0	0	3120	FullDelay	0.0800348	80034.8	1	4
3.34003	0	0	931	LastDelay	0.0800348	80034.8	1	4
3.34003	0	0	931	FullDelay	0.0800348	80034.8	1	4
3.35003	0	0	331	LastDelay	0.0800348	80034.8	1	4
3.35003	0	0	331	FullDelay	0.0800348	80034.8	1	4
3.36003	0	0	2146	LastDelay	0.0800348	80034.8	1	4
3.36003	0	0	2146	FullDelay	0.0800348	80034.8	1	4
3.37003	0	0	4677	LastDelay	0.0800348	80034.8	1	4
3.37003	0	0	4677	FullDelay	0.0800348	80034.8	1	4
3.38003	0	0	2262	LastDelay	0.0800348	80034.8	1	4
3.38003	0	0	2262	FullDelay	0.0800348	80034.8	1	4
3.39003	0	0	35	LastDelay	0.0800347	80034.7	1	4
3.39003	0	0	35	FullDelay	0.0800347	80034.7	1	4
3.40003	0	0	1387	LastDelay	0.0800348	80034.8	1	4
3.40003	0	0	1387	FullDelay	0.0800348	80034.8	1	4
3.41003	0	0	6980	LastDelay	0.0800348	80034.8	1	4
3.41003	0	0	6980	FullDelay	0.0800348	80034.8	1	4
3.42003	0	0	1	LastDelay	0.0800347	80034.7	1	4
3.42003	0	0	1	FullDelay	0.0800347	80034.7	1	4
3.43001	0	0	2	LastDelay	0.0200087	20008.7	1	1
3.43001	0	0	2	FullDelay	0.0200087	20008.7	1	1
3.43003	0	0	2509	LastDelay	0.0800348	80034.8	1	4
3.43003	0	0	2509	FullDelay	0.0800348	80034.8	1	4
3.44003	0	0	1869	LastDelay	0.0800348	80034.8	1	4
3.44003	0	0	1869	FullDelay	0.0800348	80034.8	1	4
3.45003	0	0	3461	LastDelay	0.0800348	80034.8	1	4
3.45003	0	0	3461	FullDelay	0.0800348	80034.8	1	4
3.46003	0	0	3401	LastDelay	0.0800348	80034.8	1	4
3.46003	0	0	3401	FullDelay	0.0800348	80034.8	1	4
3.47003	0	0	78	LastDelay	0.0800347	80034.7	1	4
3.47003	0	0	78	FullDelay	0.0800347	80034.7	1	4
3.48003	0	0	1067	LastDelay	0.0800348	80034.8	1	4
3.48003	0	0	1067	FullDelay	0.0800348	80034.8	1	4
3.50003	0	0	202	LastDelay	0.0800347	80034.7	1	4
3.50003	0	0	202	FullDelay	0.0800347	80034.7	1	4
3.51003	0	0	43	LastDelay	0.0800347	80034.7	1	4
3.51003	0	0	43	FullDelay	0.0800347	80034.7	1	4
3.52003	0	0	3418	LastDelay	0.0800348	80034.8	1	4
3.52003	0	0	3418	FullDelay	0.0800348	80034.8	1	4
3.53003	0	0	1123	LastDelay	0.0800348	80034.8	1	4
3.53003	0	0	1123	FullDelay	0.0800348	80034.8	1	4
3.54003	0	0	3544	LastDelay	0.0800348	80034.8	1	4
3.54003	0	0	3544	FullDelay	0.0800348	80034.8	1	4
3.55003	0	0	872	LastDelay	0.0800348	80034.8	1	4
3.55003	0	0	872	FullDelay	0.0800348	80034.8	1	4
3.56003	0	0	3001	LastDelay	0.0800348	80034.8	1	4
3.56003	0	0	3001	FullDelay	0.0800348	80034.8	1	4
3.57003	0	0	8807	LastDelay	0.0800348	80034.8	1	4
3.57003	0	0	8807	FullDelay	0.0800348	80034.8	1	4
3.58003	0	0	554	LastDelay	0.0800348	80034.8	1	4
3.58003	0	0	554	FullDelay	0.0800348	80034.8	1	4
3.59003	0	0	61	LastDelay	0.0800347	80034.7	1	4
3.59003	0	0	61	FullDelay	0.0800347	80034.7	1	4
3.60003	0	0	24	LastDelay	0.0800347	80034.7	1	4
3.60003	0	0	24	FullDelay	0.0800347	80034.7	1	4
3.61003	0	0	228	LastDelay	0.0800347	80034.7	1	4
3.61003	0	0	228	FullDelay	0.0800347	80034.7	1	4
3.62003	0	0	7764	LastDelay	0.0800348	80034.8	1	4
3.62003	0	0	7764	FullDelay	0.0800348	80034.8	1	4
3.63003	0	0	2051	LastDelay	0.0800348	80034.8	1	4
3.63003	0	0	2051	FullDelay	0.0800348	80034.8	1	4
3.64003	0	0	2980	LastDelay	0.0800348	80034.8	1	4
3.64003	0	0	2980	FullDelay	0.0800348	80034.8	1	4
3.65003	0	0	3349	LastDelay	0.0800348	80034.8	1	4
3.65003	0	0	3349	FullDelay	0.0800348	80034.8	1	4
3.66003	0	0	8550	LastDelay	0.0800348	80034.8	1	4
3.66003	0	0	8550	FullDelay	0.0800348	80034.8	1	4
3.67003	0	0	2690	LastDelay	0.0800348	80034.8	1	4
3.67003	0	0	2690	FullDelay	0.0800348	80034.8	1	4
3.68003	0	0	3231	LastDelay	0.0800348	80034.8	1	4
3.68003	0	0	3231	FullDelay	0.0800348	80034.8	1	4
3.69003	0	0	140	LastDelay	0.060026	60026	1	3
3.69003	0	0	140	FullDelay	0.060026	60026	1	3
3.69003	0	0	384	LastDelay	0.0800348	80034.8	1	4
3.69003	0	0	384	FullDelay	0.0800348	80034.8	1	4
3.70003	0	0	283	LastDelay	0.0800348	80034.8	1	4
3.70003	0	0	283	FullDelay	0.0800348	80034.8	1	4
3.72003	0	0	6527	LastDelay	0.0800348	80034.8	1	4
3.72003	0	0	6527	FullDelay	0.0800348	80034.8	1	4
3.73003	0	0	773	LastDelay	0.0800348	80034.8	1	4
3.73003	0	0	773	FullDelay	0.0800348	80034.8	1	4
3.74003	0	0	3	LastDelay	0.0800347	80034.7	1	4
3.74003	0	0	3	FullDelay	0.0800347	80034.7	1	4
3.75003	0	0	21	LastDelay	0.0800347	80034.7	1	4
3.75003	0	0	21	FullDelay	0.0800347	80034.7	1	4
3.76003	0	0	627	LastDelay	0.0800348	80034.8	1	4
3.76003	0	0	627	FullDelay	0.0800348	80034.8	1	4
3.77003	0	0	72	LastDelay	0.0800347	80034.7	1	4
3.77003	0	0	72	FullDelay	0.0800347	80034.7	1	4
3.78003	0	0	6389	LastDelay	0.0800348	80034.8	1	4
3.78003	0	0	6389	FullDelay	0.0800348	80034.8	1	4
3.79003	0	0	6344	LastDelay	0.0800348	80034.8	1	4
3.79003	0	0	6344	FullDelay	0.0800348	80034.8	1	4
3.80003	0	0	1197	LastDelay	0.0800348	80034.8	1	4
3.80003	0	0	1197	FullDelay	0.0800348	80034.8	1	4
3.81003	0	0	943	LastDelay	0.0800348	80034.8	1	4
3.81003	0	0	943	FullDelay	0.0800348	80034.8	1	4
3.82003	0	0	1140	LastDelay	0.0800348	80034.8	1	4
3.82003	0	0	1140	FullDelay	0.0800348	80034.8	1	4
3.83003	0	0	1336	LastDelay	0.0800348	80034.8	1	4
3.83003	0	0	1336	FullDelay	0.0800348	80034.8	1	4
3.84003	0	0	15	LastDelay	0.0800347	80034.7	1	4
3.84003	0	0	15	FullDelay	0.0800347	80034.7	1	4
3.85003	0	0	4951	LastDelay	0.0800348	80034.8	1	4
3.85003	0	0	4951	FullDelay	0.0800348	80034.8	1	4
3.86003	0	0	5905	LastDelay	0.0800348	80034.8	1	4
3.86003	0	0	5905	FullDelay	0.0800348	80034.8	1	4
3.87003	0	0	30	LastDelay	0.0800347	80034.7	1	4
3.87003	0	0	30	FullDelay	0.0800347	80034.7	1	4
3.88003	0	0	3014	LastDelay	0.0800348	80034.8	1	4
3.88003	0	0	3014	FullDelay	0.0800348	80034.8	1	4
3.89003	0	0	108	LastDelay	0.0800347	80034.7	1	4
3.89003	0	0	108	FullDelay	0.0800347	80034.7	1	4
3.90003	0	0	56	LastDelay	0.0800347	80034.7	1	4
3.90003	0	0	56	FullDelay	0.0800347	80034.7	1	4
3.91003	0	0	446	LastDelay	0.0800348	80034.8	1	4
3.91003	0	0	446	FullDelay	0.0800348	80034.8	1	4
3.92003	0	0	205	LastDelay	0.0800347	80034.7	1	4
3.92003	0	0	205	FullDelay	0.0800347	80034.7	1	4
3.93003	0	0	755	LastDelay	0.0800348	80034.8	1	4
3.93003	0	0	755	FullDelay	0.0800348	80034.8	1	4
3.94003	0	0	626	LastDelay	0.0800348	80034.8	1	4
3.94003	0	0	626	FullDelay	0.0800348	80034.8	1	4
3.95003	0	0	2195	LastDelay	0.0800348	80034.8	1	4
3.95003	0	0	2195	FullDelay	0.0800348	80034.8	1	4
3.96003	0	0	3	LastDelay	0.0800347	80034.7	1	4
3.96003	0	0	3	FullDelay	0.0800347	80034.7	1	4
3.97003	0	0	334	LastDelay	0.0800348	80034.8	1	4
3.97003	0	0	334	FullDelay	0.0800348	80034.8	1	4
3.98003	0	0	7019	LastDelay	0.0800348	80034.8	1	4
3.98003	0	0	7019	FullDelay	0.0800348	80034.8	1	4
3.99003	0	0	1	LastDelay	0.0800347	80034.7	1	4
3.99003	0	0	1	FullDelay	0.0800347	80034.7	1	4
4.00003	0	0	6401	LastDelay	0.0800348	80034.8	1	4
4.00003	0	0	6401	FullDelay	0.0800348	80034.8	1	4
4.01003	0	0	923	LastDelay	0.0800348	80034.8	1	4
4.01003	0	0	923	FullDelay	0.0800348	80034.8	1	4
4.02003	0	0	6256	LastDelay	0.0800348	80034.8	1	4
4.02003	0	0	6256	FullDelay	0.0800348	80034.8	1	4
4.03003	0	0	6894	LastDelay	0.0800348	80034.8	1	4
4.03003	0	0	6894	FullDelay	0.0800348	80034.8	1	4
4.04003	0	0	2546	LastDelay	0.0800348	80034.8	1	4
4.04003	0	0	2546	FullDelay	0.0800348	80034.8	1	4
4.05003	0	0	7243	LastDelay	0.0800348	80034.8	1	4
4.05003	0	0	7243	FullDelay	0.0800348	80034.8	1	4
4.06003	0	0	3251	LastDelay	0.0800348	80034.8	1	4
4.06003	0	0	3251	FullDelay	0.0800348	80034.8	1	4
4.07003	0	0	225	LastDelay	0.0800347	80034.7	1	4
4.07003	0	0	225	FullDelay	0.0800347	80034.7	1	4
4.08003	0	0	109	LastDelay	0.0800347	80034.7	1	4
4.08003	0	0	109	FullDelay	0.0800347	80034.7	1	4
4.09001	0	0	2	LastDelay	0.0200087	20008.7	1	1
4.09001	0	0	2	FullDelay	0.0200087	20008.7	1	1
4.09003	0	0	2348	LastDelay	0.0800348	80034.8	1	4
4.09003	0	0	2348	FullDelay	0.0800348	80034.8	1	4
4.10003	0	0	24	LastDelay	0.0800347	80034.7	1	4
4.10003	0	0	24	FullDelay	0.0800347	80034.7	1	4
4.11003	0	0	414	LastDelay	0.0800348	80034.8	1	4
4.11003	0	0	414	FullDelay	0.0800348	80034.8	1	4
4.12003	0	0	2159	LastDelay	0.0800348	80034.8	1	4
4.12003	0	0	2159	FullDelay	0.0800348	80034.8	1	4
4.13003	0	0	1192	LastDelay	0.0800348	80034.8	1	4
4.13003	0	0	1192	FullDelay	0.0800348	80034.8	1	4
4.14003	0	0	3997	LastDelay	0.0800348	80034.8	1	4
4.14003	0	0	3997	FullDelay	0.0800348	80034.8	1	4
4.16003	0	0	1597	LastDelay	0.0800348	80034.8	1	4
4.16003	0	0	1597	FullDelay	0.0800348	80034.8	1	4
4.17003	0	0	5155	LastDelay	0.0800348	80034.8	1	4
4.17003	0	0	5155	FullDelay	0.0800348	80034.8	1	4
4.18003	0	0	2898	LastDelay	0.0800348	80034.8	1	4
4.18003	0	0	2898	FullDelay	0.0800348	80034.8	1	4
4.19003	0	0	1	LastDelay	0.0800347	80034.7	1	4
4.19003	0	0	1	FullDelay	0.0800347	80034.7	1	4
4.20003	0	0	32	LastDelay	0.0800347	80034.7	1	4
4.20003	0	0	32	FullDelay	0.0800347	80034.7	1	4
4.21003	0	0	2646	LastDelay	0.0800348	80034.8	1	4
4.21003	0	0	2646	FullDelay	0.0800348	80034.8	1	4
4.22003	0	0	7818	LastDelay	0.0800348	80034.8	1	4
4.22003	0	0	7818	FullDelay	0.0800348	80034.8	1	4
4.23003	0	0	5405	LastDelay	0.0800348	80034.8	1	4
4.23003	0	0	5405	FullDelay	0.0800348	80034.8	1	4
4.24003	0	0	10	LastDelay	0.0800347	80034.7	1	4
4.24003	0	0	10	FullDelay	0.0800347	80034.7	1	4
4.25003	0	0	27	LastDelay	0.0800347	80034.7	1	4
4.25003	0	0	27	FullDelay	0.0800347	80034.7	1	4
4.26003	0	0	9025	LastDelay	0.0800348	80034.8	1	4
4.26003	0	0	9025	FullDelay	0.0800348	80034.8	1	4
4.27001	0	0	2	LastDelay	0.0200087	20008.7	1	1
4.27001	0	0	2	FullDelay	0.0200087	20008.7	1	1
4.27003	0	0	275	LastDelay	0.0800348	80034.8	1	4
4.27003	0	0	275	FullDelay	0.0800348	80034.8	1	4
4.28003	0	0	6	LastDelay	0.0800347	80034.7	1	4
4.28003	0	0	6	FullDelay	0.0800347	80034.7	1	4
4.29003	0	0	7171	LastDelay	0.0800348	80034.8	1	4
4.29003	0	0	7171	FullDelay	0.0800348	80034.8	1	4
4.30003	0	0	285	LastDelay	0.0800348	80034.8	1	4
4.30003	0	0	285	FullDelay	0.0800348	80034.8	1	4
4.31003	0	0	1116	LastDelay	0.0800348	80034.8	1	4
4.31003	0	0	1116	FullDelay	0.0800348	80034.8	1	4
4.32003	0	0	3517	LastDelay	0.0800348	80034.8	1	4
4.32003	0	0	3517	FullDelay	0.0800348	80034.8	1	4
4.34003	0	0	140	LastDelay	0.060026	60026	1	3
4.34003	0	0	140	FullDelay	0.060026	60026	1	3
4.34003	0	0	6872	LastDelay	0.0800348	80034.8	1	4
4.34003	0	0	6872	FullDelay	0.0800348	80034.8	1	4
4.35003	0	0	48	LastDelay	0.0800347	80034.7	1	4
4.35003	0	0	48	FullDelay	0.0800347	80034.7	1	4
4.37	0	0	334	LastDelay	0	0	1	0
4.37	0	0	334	FullDelay	0	0	1	0
4.37003	0	0	1142	LastDelay	0.0800348	80034.8	1	4
4.37003	0	0	1142	FullDelay	0.0800348	80034.8	1	4
4.38003	0	0	2339	LastDelay	0.0800348	80034.8	1	4
4.38003	0	0	2339	FullDelay	0.0800348	80034.8	1	4
4.39002	0	0	7	LastDelay	0.0400174	40017.4	1	2
4.39002	0	0	7	FullDelay	0.0400174	40017.4	1	2
4.39003	0	0	614	LastDelay	0.0800348	80034.8	1	4
4.39003	0	0	614	FullDelay	0.0800348	80034.8	1	4
4.40001	0	0	2	LastDelay	0.0200087	20008.7	1	1
4.40001	0	0	2	FullDelay	0.0200087	20008.7	1	1
4.40003	0	0	3	LastDelay	0.0600347	60034.7	1	4
4.40003	0	0	3	FullDelay	0.0800347	80034.7	2	4
4.41003	0	0	1118	LastDelay	0.0800348	80034.8	1	4
4.41003	0	0	1118	FullDelay	0.0800348	80034.8	1	4
4.44003	0	0	202	LastDelay	0.0800347	80034.7	1	4
4.44003	0	0	202	FullDelay	0.0800347	80034.7	1	4
4.47003	0	0	594	LastDelay	0.0800348	80034.8	1	4
4.47003	0	0	594	FullDelay	0.0800348	80034.8	1	4
4.48003	0	0	7843	LastDelay	0.0800348	80034.8	1	4
4.48003	0	0	7843	FullDelay	0.0800348	80034.8	1	4
4.49003	0	0	5938	LastDelay	0.0800348	80034.8	1	4
4.49003	0	0	5938	FullDelay	0.0800348	80034.8	1	4
4.50001	0	0	2	LastDelay	0.0200087	20008.7	1	1
4.50001	0	0	2	FullDelay	0.0200087	20008.7	1	1
4.50003	0	0	7086	LastDelay	0.0800348	80034.8	1	4
4.50003	0	0	7086	FullDelay	0.0800348	80034.8	1	4
4.51003	0	0	519	LastDelay	0.0800348	80034.8	1	4
4.51003	0	0	519	FullDelay	0.0800348	80034.8	1	4
4.52003	0	0	434	LastDelay	0.0800348	80034.8	1	4
4.52003	0	0	434	FullDelay	0.0800348	80034.8	1	4
4.53003	0	0	13	LastDelay	0.0800347	80034.7	1	4
4.53003	0	0	13	FullDelay	0.0800347	80034.7	1	4
4.54003	0	0	8292	LastDelay	0.0800348	80034.8	1	4
4.54003	0	0	8292	FullDelay	0.0800348	80034.8	1	4
4.55003	0	0	58	LastDelay	0.0800347	80034.7	1	4
4.55003	0	0	58	FullDelay	0.0800347	80034.7	1	4
4.57003	0	0	3162	LastDelay	0.0800348	80034.8	1	4
4.57003	0	0	3162	FullDelay	0.0800348	80034.8	1	4
4.58003	0	0	2799	LastDelay	0.0800348	80034.8	1	4
4.58003	0	0	2799	FullDelay	0.0800348	80034.8	1	4
4.59003	0	0	68	LastDelay	0.0800347	80034.7	1	4
4.59003	0	0	68	FullDelay	0.0800347	80034.7	1	4
4.60003	0	0	5181	LastDelay	0.0800348	80034.8	1	4
4.60003	0	0	5181	FullDelay	0.0800348	80034.8	1	4
4.61003	0	0	23	LastDelay	0.0800347	80034.7	1	4
4.61003	0	0	23	FullDelay	0.0800347	80034.7	1	4
4.62003	0	0	97	LastDelay	0.0800347	80034.7	1	4
4.62003	0	0	97	FullDelay	0.0800347	80034.7	1	4
4.63003	0	0	109	LastDelay	0.0800347	80034.7	1	4
4.63003	0	0	109	FullDelay	0.0800347	80034.7	1	4
4.64003	0	0	3361	LastDelay	0.0800348	80034.8	1	4
4.64003	0	0	3361	FullDelay	0.0800348	80034.8	1	4
4.65003	0	0	189	LastDelay	0.0800347	80034.7	1	4
4.65003	0	0	189	FullDelay	0.0800347	80034.7	1	4
4.66003	0	0	7655	LastDelay	0.0800348	80034.8	1	4
4.66003	0	0	7655	FullDelay	0.0800348	80034.8	1	4
4.67003	0	0	15	LastDelay	0.0800347	80034.7	1	4
4.67003	0	0	15	FullDelay	0.0800347	80034.7	1	4
4.68003	0	0	4247	LastDelay	0.0800348	80034.8	1	4
4.68003	0	0	4247	FullDelay	0.0800348	80034.8	1	4
4.69003	0	0	121	LastDelay	0.0800347	80034.7	1	4
4.69003	0	0	121	FullDelay	0.0800347	80034.7	1	4
4.70003	0	0	728	LastDelay	0.0800348	80034.8	1	4
4.70003	0	0	728	FullDelay	0.0800348	80034.8	1	4
4.71003	0	0	2676	LastDelay	0.0800348	80034.8	1	4
4.71003	0	0	2676	FullDelay	0.0800348	80034.8	1	4
4.72003	0	0	7454	LastDelay	0.0800348	80034.8	1	4
4.72003	0	0	7454	FullDelay	0.0800348	80034.8	1	4
4.73003	0	0	7524	LastDelay	0.0800348	80034.8	1	4
4.73003	0	0	7524	FullDelay	0.0800348	80034.8	1	4
4.74003	0	0	2137	LastDelay	0.0800348	80034.8	1	4
4.74003	0	0	2137	FullDelay	0.0800348	80034.8	1	4
4.75003	0	0	1463	LastDelay	0.0800348	80034.8	1	4
4.75003	0	0	1463	FullDelay	0.0800348	80034.8	1	4
4.76003	0	0	8	LastDelay	0.0200347	20034.7	1	4
4.76003	0	0	8	FullDelay	0.0800347	80034.7	2	4
4.77003	0	0	21	LastDelay	0.060026	60026	1	3
4.77003	0	0	21	FullDelay	0.060026	60026	1	3
4.77003	0	0	5715	LastDelay	0.0800348	80034.8	1	4
4.77003	0	0	5715	FullDelay	0.0800348	80034.8	1	4
4.78003	0	0	1811	LastDelay	0.0800348	80034.8	1	4
4.78003	0	0	1811	FullDelay	0.0800348	80034.8	1	4
4.80003	0	0	67	LastDelay	0.0800347	80034.7	1	4
4.80003	0	0	67	FullDelay	0.0800347	80034.7	1	4
4.81003	0	0	39	LastDelay	0.0800347	80034.7	1	4
4.81003	0	0	39	FullDelay	0.0800347	80034.7	1	4
4.83003	0	0	37	LastDelay	0.0800347	80034.7	1	4
4.83003	0	0	37	FullDelay	0.0800347	80034.7	1	4
4.84003	0	0	6666	LastDelay	0.0800348	80034.8	1	4
4.84003	0	0	6666	FullDelay	0.0800348	80034.8	1	4
4.85003	0	0	4701	LastDelay	0.0800348	80034.8	1	4
4.85003	0	0	4701	FullDelay	0.0800348	80034.8	1	4
4.86003	0	0	8474	LastDelay	0.0800348	80034.8	1	4
4.86003	0	0	8474	FullDelay	0.0800348	80034.8	1	4
4.87	0	0	210	LastDelay	0	0	1	0
4.87	0	0	210	FullDelay	0	0	1	0
4.87003	0	0	150	LastDelay	0.0800347	80034.7	1	4
4.87003	0	0	150	FullDelay	0.0800347	80034.7	1	4
4.88003	0	0	31	LastDelay	0.0800347	80034.7	1	4
4.88003	0	0	31	FullDelay	0.0800347	80034.7	1	4
4.89002	0	0	7	LastDelay	0.0400174	40017.4	1	2
4.89002	0	0	7	FullDelay	0.0400174	40017.4	1	2
4.89003	0	0	3265	LastDelay	0.0800348	80034.8	1	4
4.89003	0	0	3265	FullDelay	0.0800348	80034.8	1	4
4.90003	0	0	1324	LastDelay	0.0800348	80034.8	1	4
4.90003	0	0	1324	FullDelay	0.0800348	80034.8	1	4
4.91003	0	0	3091	LastDelay	0.0800348	80034.8	1	4
4.91003	0	0	3091	FullDelay	0.0800348	80034.8	1	4
4.92003	0	0	472	LastDelay	0.0800348	80034.8	1	4
4.92003	0	0	472	FullDelay	0.0800348	80034.8	1	4
4.94003	0	0	144	LastDelay	0.0800347	80034.7	1	4
4.94003	0	0	144	FullDelay	0.0800347	80034.7	1	4
4.96003	0	0	62	LastDelay	0.0800347	80034.7	1	4
4.96003	0	0	62	FullDelay	0.0800347	80034.7	1	4
4.97003	0	0	4792	LastDelay	0.0800348	80034.8	1	4
4.97003	0	0	4792	FullDelay	0.0800348	80034.8	1	4
4.98003	0	0	60	LastDelay	0.0800347	80034.7	1	4
4.98003	0	0	60	FullDelay	0.0800347	80034.7	1	4
4.99003	0	0	5683	LastDelay	0.0800348	80034.8	1	4
4.99003	0	0	5683	FullDelay	0.0800348	80034.8	1	4
5.00003	0	0	2432	LastDelay	0.0800348	80034.8	1	4
5.00003	0	0	2432	FullDelay	0.0800348	80034.8	1	4
5.01003	0	0	1443	LastDelay	0.0800348	80034.8	1	4
5.01003	0	0	1443	FullDelay	0.0800348	80034.8	1	4
5.02003	0	0	7573	LastDelay	0.0800348	80034.8	1	4
5.02003	0	0	7573	FullDelay	0.0800348	80034.8	1	4
5.03003	0	0	9757	LastDelay	0.0800348	80034.8	1	4
5.03003	0	0	9757	FullDelay	0.0800348	80034.8	1	4
5.04003	0	0	1479	LastDelay	0.0800348	80034.8	1	4
5.04003	0	0	1479	FullDelay	0.0800348	80034.8	1	4
5.05003	0	0	3135	LastDelay	0.0800348	80034.8	1	4
5.05003	0	0	3135	FullDelay	0.0800348	80034.8	1	4
5.06003	0	0	435	LastDelay	0.0800348	80034.8	1	4
5.06003	0	0	435	FullDelay	0.0800348	80034.8	1	4
5.07003	0	0	5861	LastDelay	0.0800348	80034.8	1	4
5.07003	0	0	5861	FullDelay	0.0800348	80034.8	1	4
5.08003	0	0	5528	LastDelay	0.0800348	80034.8	1	4
5.08003	0	0	5528	FullDelay	0.0800348	80034.8	1	4
5.09003	0	0	2627	LastDelay	0.0800348	80034.8	1	4
5.09003	0	0	2627	FullDelay	0.0800348	80034.8	1	4
5.10003	0	0	1988	LastDelay	0.0800348	80034.8	1	4
5.10003	0	0	1988	FullDelay	0.0800348	80034.8	1	4
5.11003	0	0	1191	LastDelay	0.0800348	80034.8	1	4
5.11003	0	0	1191	FullDelay	0.0800348	80034.8	1	4
5.12003	0	0	6	LastDelay	0.0800347	80034.7	1	4
5.12003	0	0	6	FullDelay	0.0800347	80034.7	1	4
5.13003	0	0	87	LastDelay	0.0800347	80034.7	1	4
5.13003	0	0	87	FullDelay	0.0800347	80034.7	1	4
5.14003	0	0	2588	LastDelay	0.0800348	80034.8	1	4
5.14003	0	0	2588	FullDelay	0.0800348	80034.8	1	4
5.15003	0	0	6584	LastDelay	0.0800348	80034.8	1	4
5.15003	0	0	6584	FullDelay	0.0800348	80034.8	1	4
5.16003	0	0	290	LastDelay	0.0800348	80034.8	1	4
5.16003	0	0	290	FullDelay	0.0800348	80034.8	1	4
5.17003	0	0	158	LastDelay	0.0800347	80034.7	1	4
5.17003	0	0	158	FullDelay	0.0800347	80034.7	1	4
5.18003	0	0	5718	LastDelay	0.0800348	80034.8	1	4
5.18003	0	0	5718	FullDelay	0.0800348	80034.8	1	4
5.19003	0	0	205	LastDelay	0.0800347	80034.7	1	4
5.19003	0	0	205	FullDelay	0.0800347	80034.7	1	4
5.20003	0	0	3773	LastDelay	0.0800348	80034.8	1	4
5.20003	0	0	3773	FullDelay	0.0800348	80034.8	1	4
5.21003	0	0	339	LastDelay	0.0800348	80034.8	1	4
5.21003	0	0	339	FullDelay	0.0800348	80034.8	1	4
5.22003	0	0	2712	LastDelay	0.0800348	80034.8	1	4
5.22003	0	0	2712	FullDelay	0.0800348	80034.8	1	4
5.23003	0	0	2158	LastDelay	0.0800348	80034.8	1	4
5.23003	0	0	2158	FullDelay	0.0800348	80034.8	1	4
5.24003	0	0	41	LastDelay	0.0800347	80034.7	1	4
5.24003	0	0	41	FullDelay	0.0800347	80034.7	1	4
5.25003	0	0	383	LastDelay	0.0800348	80034.8	1	4
5.25003	0	0	383	FullDelay	0.0800348	80034.8	1	4
5.26003	0	0	6826	LastDelay	0.0800348	80034.8	1	4
5.26003	0	0	6826	FullDelay	0.0800348	80034.8	1	4
5.27003	0	0	10	LastDelay	0.0800347	80034.7	1	4
5.27003	0	0	10	FullDelay	0.0800347	80034.7	1	4
5.28003	0	0	2460	LastDelay	0.0800348	80034.8	1	4
5.28003	0	0	2460	FullDelay	0.0800348	80034.8	1	4
5.29003	0	0	701	LastDelay	0.0800348	80034.8	1	4
5.29003	0	0	701	FullDelay	0.0800348	80034.8	1	4
5.30003	0	0	1892	LastDelay	0.0800348	80034.8	1	4
5.30003	0	0	1892	FullDelay	0.0800348	80034.8	1	4
5.31003	0	0	6	LastDelay	0.0800347	80034.7	1	4
5.31003	0	0	6	FullDelay	0.0800347	80034.7	1	4
5.32003	0	0	441	LastDelay	0.0800348	80034.8	1	4
5.32003	0	0	441	FullDelay	0.0800348	80034.8	1	4
5.33003	0	0	537	LastDelay	0.0800348	80034.8	1	4
5.33003	0	0	537	FullDelay	0.0800348	80034.8	1	4
5.34003	0	0	3336	LastDelay	0.0800348	80034.8	1	4
5.34003	0	0	3336	FullDelay	0.0800348	80034.8	1	4
5.35003	0	0	8811	LastDelay	0.0800348	80034.8	1	4
5.35003	0	0	8811	FullDelay	0.0800348	80034.8	1	4
5.36003	0	0	3163	LastDelay	0.0800348	80034.8	1	4
5.36003	0	0	3163	FullDelay	0.0800348	80034.8	1	4
5.37003	0	0	6034	LastDelay	0.0800348	80034.8	1	4
5.37003	0	0	6034	FullDelay	0.0800348	80034.8	1	4
5.38003	0	0	22	LastDelay	0.0800347	80034.7	1	4
5.38003	0	0	22	FullDelay	0.0800347	80034.7	1	4
5.39003	0	0	3750	LastDelay	0.0800348	80034.8	1	4
5.39003	0	0	3750	FullDelay	0.0800348	80034.8	1	4
5.40003	0	0	5850	LastDelay	0.0800348	80034.8	1	4
5.40003	0	0	5850	FullDelay	0.0800348	80034.8	1	4
5.41003	0	0	646	LastDelay	0.0800348	80034.8	1	4
5.41003	0	0	646	FullDelay	0.0800348	80034.8	1	4
5.42003	0	0	1278	LastDelay	0.0800348	80034.8	1	4
5.42003	0	0	1278	FullDelay	0.0800348	80034.8	1	4
5.43003	0	0	2231	LastDelay	0.0800348	80034.8	1	4
5.43003	0	0	2231	FullDelay	0.0800348	80034.8	1	4
5.44003	0	0	1002	LastDelay	0.0800348	80034.8	1	4
5.44003	0	0	1002	FullDelay	0.0800348	80034.8	1	4
5.45003	0	0	5759	LastDelay	0.0800348	80034.8	1	4
5.45003	0	0	5759	FullDelay	0.0800348	80034.8	1	4
5.46003	0	0	979	LastDelay	0.0800348	80034.8	1	4
5.46003	0	0	979	FullDelay	0.0800348	80034.8	1	4
5.47003	0	0	3190	LastDelay	0.0800348	80034.8	1	4
5.47003	0	0	3190	FullDelay	0.0800348	80034.8	1	4
5.48003	0	0	40	LastDelay	0.0800347	80034.7	1	4
5.48003	0	0	40	FullDelay	0.0800347	80034.7	1	4
5.49003	0	0	2240	LastDelay	0.0800348	80034.8	1	4
5.49003	0	0	2240	FullDelay	0.0800348	80034.8	1	4
5.50003	0	0	7601	LastDelay	0.0800348	80034.8	1	4
5.50003	0	0	7601	FullDelay	0.0800348	80034.8	1	4
5.51003	0	0	2569	LastDelay	0.0800348	80034.8	1	4
5.51003	0	0	2569	FullDelay	0.0800348	80034.8	1	4
5.52003	0	0	3582	LastDelay	0.0800348	80034.8	1	4
5.52003	0	0	3582	FullDelay	0.0800348	80034.8	1	4
5.53003	0	0	136	LastDelay	0.0800347	80034.7	1	4
5.53003	0	0	136	FullDelay	0.0800347	80034.7	1	4
5.54003	0	0	543	LastDelay	0.0800348	80034.8	1	4
5.54003	0	0	543	FullDelay	0.0800348	80034.8	1	4
5.55003	0	0	2345	LastDelay	0.0800348	80034.8	1	4
5.55003	0	0	2345	FullDelay	0.0800348	80034.8	1	4
5.56003	0	0	832	LastDelay	0.0800348	80034.8	1	4
5.56003	0	0	832	FullDelay	0.0800348	80034.8	1	4
5.57003	0	0	5158	LastDelay	0.0800348	80034.8	1	4
5.57003	0	0	5158	FullDelay	0.0800348	80034.8	1	4
5.58003	0	0	179	LastDelay	0.0800347	80034.7	1	4
5.58003	0	0	179	FullDelay	0.0800347	80034.7	1	4
5.59003	0	0	4622	LastDelay	0.0800348	80034.8	1	4
5.59003	0	0	4622	FullDelay	0.0800348	80034.8	1	4
5.60003	0	0	2190	LastDelay	0.0800348	80034.8	1	4
5.60003	0	0	2190	FullDelay	0.0800348	80034.8	1	4
5.61003	0	0	8668	LastDelay	0.0800348	80034.8	1	4
5.61003	0	0	8668	FullDelay	0.0800348	80034.8	1	4
5.62001	0	0	2	LastDelay	0.0200087	20008.7	1	1
5.62001	0	0	2	FullDelay	0.0200087	20008.7	1	1
5.62003	0	0	609	LastDelay	0.0800348	80034.8	1	4
5.62003	0	0	609	FullDelay	0.0800348	80034.8	1	4
5.63003	0	0	3928	LastDelay	0.0800348	80034.8	1	4
5.63003	0	0	3928	FullDelay	0.0800348	80034.8	1	4
5.64003	0	0	9200	LastDelay	0.0800348	80034.8	1	4
5.64003	0	0	9200	FullDelay	0.0800348	80034.8	1	4
5.65003	0	0	9333	LastDelay	0.0800348	80034.8	1	4
5.65003	0	0	9333	FullDelay	0.0800348	80034.8	1	4
5.66003	0	0	1478	LastDelay	0.0800348	80034.8	1	4
5.66003	0	0	1478	FullDelay	0.0800348	80034.8	1	4
5.67003	0	0	6649	LastDelay	0.0800348	80034.8	1	4
5.67003	0	0	6649	FullDelay	0.0800348	80034.8	1	4
5.68001	0	0	2	LastDelay	0.0200087	20008.7	1	1
5.68001	0	0	2	FullDelay	0.0200087	20008.7	1	1
5.69003	0	0	1691	LastDelay	0.0800348	80034.8	1	4
5.69003	0	0	1691	FullDelay	0.0800348	80034.8	1	4
5.70003	0	0	3	LastDelay	0.0800347	80034.7	1	4
5.70003	0	0	3	FullDelay	0.0800347	80034.7	1	4
5.71003	0	0	30	LastDelay	0.0800347	80034.7	1	4
5.71003	0	0	30	FullDelay	0.0800347	80034.7	1	4
5.72003	0	0	3347	LastDelay	0.0800348	80034.8	1	4
5.72003	0	0	3347	FullDelay	0.0800348	80034.8	1	4
5.73003	0	0	521	LastDelay	0.0800348	80034.8	1	4
5.73003	0	0	521	FullDelay	0.0800348	80034.8	1	4
5.75003	0	0	439	LastDelay	0.0800348	80034.8	1	4
5.75003	0	0	439	FullDelay	0.0800348	80034.8	1	4
5.76003	0	0	11	LastDelay	0.0800347	80034.7	1	4
5.76003	0	0	11	FullDelay	0.0800347	80034.7	1	4
5.77003	0	0	1549	LastDelay	0.0800348	80034.8	1	4
5.77003	0	0	1549	FullDelay	0.0800348	80034.8	1	4
5.78003	0	0	7955	LastDelay	0.0800348	80034.8	1	4
5.78003	0	0	7955	FullDelay	0.0800348	80034.8	1	4
5.79003	0	0	2190	LastDelay	0.0800348	80034.8	1	4
5.79003	0	0	2190	FullDelay	0.0800348	80034.8	1	4
5.8	0	0	27	LastDelay	0	0	1	0
5.8	0	0	27	FullDelay	0	0	1	0
5.80003	0	0	94	LastDelay	0.0800347	80034.7	1	4
5.80003	0	0	94	FullDelay	0.0800347	80034.7	1	4
5.81	0	0	4	LastDelay	0	0	1	0
5.81	0	0	4	FullDelay	0	0	1	0
5.81003	0	0	58	LastDelay	0.0800347	80034.7	1	4
5.81003	0	0	58	FullDelay	0.0800347	80034.7	1	4
5.82003	0	0	302	LastDelay	0.0800348	80034.8	1	4
5.82003	0	0	302	FullDelay	0.0800348	80034.8	1	4
5.83002	0	0	7	LastDelay	0.0400174	40017.4	1	2
5.83002	0	0	7	FullDelay	0.0400174	40017.4	1	2
5.83003	0	0	3070	LastDelay	0.0800348	80034.8	1	4
5.83003	0	0	3070	FullDelay	0.0800348	80034.8	1	4
5.84003	0	0	2590	LastDelay	0.0800348	80034.8	1	4
5.84003	0	0	2590	FullDelay	0.0800348	80034.8	1	4
5.85003	0	0	1340	LastDelay	0.0800348	80034.8	1	4
5.85003	0	0	1340	FullDelay	0.0800348	80034.8	1	4
5.86003	0	0	4890	LastDelay	0.0800348	80034.8	1	4
5.86003	0	0	4890	FullDelay	0.0800348	80034.8	1	4
5.90003	0	0	3042	LastDelay	0.0800348	80034.8	1	4
5.90003	0	0	3042	FullDelay	0.0800348	80034.8	1	4
5.91003	0	0	28	LastDelay	0.0800347	80034.7	1	4
5.91003	0	0	28	FullDelay	0.0800347	80034.7	1	4
5.92003	0	0	95	LastDelay	0.0800347	80034.7	1	4
5.92003	0	0	95	FullDelay	0.0800347	80034.7	1	4
5.93003	0	0	2201	LastDelay	0.0800348	80034.8	1	4
5.93003	0	0	2201	FullDelay	0.0800348	80034.8	1	4
5.94003	0	0	182	LastDelay	0.0800347	80034.7	1	4
5.94003	0	0	182	FullDelay	0.0800347	80034.7	1	4
5.95003	0	0	1721	LastDelay	0.0800348	80034.8	1	4
5.95003	0	0	1721	FullDelay	0.0800348	80034.8	1	4
5.96003	0	0	319	LastDelay	0.0800348	80034.8	1	4
5.96003	0	0	319	FullDelay	0.0800348	80034.8	1	4
5.97003	0	0	2105	LastDelay	0.0800348	80034.8	1	4
5.97003	0	0	2105	FullDelay	0.0800348	80034.8	1	4
5.98003	0	0	3275	LastDelay	0.0800348	80034.8	1	4
5.98003	0	0	3275	FullDelay	0.0800348	80034.8	1	4
5.99003	0	0	3333	LastDelay	0.0800348	80034.8	1	4
5.99003	0	0	3333	FullDelay	0.0800348	80034.8	1	4
6.00003	0	0	6983	LastDelay	0.0800348	80034.8	1	4
6.00003	0	0	6983	FullDelay	0.0800348	80034.8	1	4
6.01003	0	0	1818	LastDelay	0.0800348	80034.8	1	4
6.01003	0	0	1818	FullDelay	0.0800348	80034.8	1	4
6.02003	0	0	8864	LastDelay	0.0800348	80034.8	1	4
6.02003	0	0	8864	FullDelay	0.0800348	80034.8	1	4
6.03003	0	0	3982	LastDelay	0.0800348	80034.8	1	4
6.03003	0	0	3982	FullDelay	0.0800348	80034.8	1	4
6.04003	0	0	559	LastDelay	0.0800348	80034.8	1	4
6.04003	0	0	559	FullDelay	0.0800348	80034.8	1	4
6.05003	0	0	2979	LastDelay	0.0800348	80034.8	1	4
6.05003	0	0	2979	FullDelay	0.0800348	80034.8	1	4
6.06003	0	0	470	LastDelay	0.0800348	80034.8	1	4
6.06003	0	0	470	FullDelay	0.0800348	80034.8	1	4
6.07003	0	0	3778	LastDelay	0.0800348	80034.8	1	4
6.07003	0	0	3778	FullDelay	0.0800348	80034.8	1	4
6.08003	0	0	938	LastDelay	0.0800348	80034.8	1	4
6.08003	0	0	938	FullDelay	0.0800348	80034.8	1	4
6.09003	0	0	233	LastDelay	0.0800347	80034.7	1	4
6.09003	0	0	233	FullDelay	0.0800347	80034.7	1	4
6.10003	0	0	531	LastDelay	0.0800348	80034.8	1	4
6.10003	0	0	531	FullDelay	0.0800348	80034.8	1	4
6.11003	0	0	16	LastDelay	0.0800347	80034.7	1	4
6.11003	0	0	16	FullDelay	0.0800347	80034.7	1	4
6.12003	0	0	1434	LastDelay	0.0800348	80034.8	1	4
6.12003	0	0	1434	FullDelay	0.0800348	80034.8	1	4
6.13003	0	0	1141	LastDelay	0.0800348	80034.8	1	4
6.13003	0	0	1141	FullDelay	0.0800348	80034.8	1	4
6.14003	0	0	235	LastDelay	0.0800347	80034.7	1	4
6.14003	0	0	235	FullDelay	0.0800347	80034.7	1	4
6.15003	0	0	93	LastDelay	0.0800347	80034.7	1	4
6.15003	0	0	93	FullDelay	0.0800347	80034.7	1	4
6.16003	0	0	3411	LastDelay	0.0800348	80034.8	1	4
6.16003	0	0	3411	FullDelay	0.0800348	80034.8	1	4
6.17003	0	0	3236	LastDelay	0.0800348	80034.8	1	4
6.17003	0	0	3236	FullDelay	0.0800348	80034.8	1	4
6.18003	0	0	7179	LastDelay	0.0800348	80034.8	1	4
6.18003	0	0	7179	FullDelay	0.0800348	80034.8	1	4
6.19003	0	0	2040	LastDelay	0.0800348	80034.8	1	4
6.19003	0	0	2040	FullDelay	0.0800348	80034.8	1	4
6.20003	0	0	2224	LastDelay	0.0800348	80034.8	1	4
6.20003	0	0	2224	FullDelay	0.0800348	80034.8	1	4
6.21003	0	0	133	LastDelay	0.0800347	80034.7	1	4
6.21003	0	0	133	FullDelay	0.0800347	80034.7	1	4
6.22003	0	0	1680	LastDelay	0.0800348	80034.8	1	4
6.22003	0	0	1680	FullDelay	0.0800348	80034.8	1	4
6.23003	0	0	66	LastDelay	0.0800347	80034.7	1	4
6.23003	0	0	66	FullDelay	0.0800347	80034.7	1	4
6.24003	0	0	7041	LastDelay	0.0800348	80034.8	1	4
6.24003	0	0	7041	FullDelay	0.0800348	80034.8	1	4
6.25003	0	0	5005	LastDelay	0.0800348	80034.8	1	4
6.25003	0	0	5005	FullDelay	0.0800348	80034.8	1	4
6.26002	0	0	3	LastDelay	0.0400174	40017.4	1	2
6.26002	0	0	3	FullDelay	0.0400174	40017.4	1	2
6.26003	0	0	3330	LastDelay	0.0800348	80034.8	1	4
6.26003	0	0	3330	FullDelay	0.0800348	80034.8	1	4
6.27003	0	0	29	LastDelay	0.0800347	80034.7	1	4
6.27003	0	0	29	FullDelay	0.0800347	80034.7	1	4
6.28003	0	0	189	LastDelay	0.0800347	80034.7	1	4
6.28003	0	0	189	FullDelay	0.0800347	80034.7	1	4
6.29003	0	0	964	LastDelay	0.0800348	80034.8	1	4
6.29003	0	0	964	FullDelay	0.0800348	80034.8	1	4
6.31003	0	0	31	LastDelay	0.0800347	80034.7	1	4
6.31003	0	0	31	FullDelay	0.0800347	80034.7	1	4
6.32003	0	0	6449	LastDelay	0.0800348	80034.8	1	4
6.32003	0	0	6449	FullDelay	0.0800348	80034.8	1	4
6.33003	0	0	953	LastDelay	0.0800348	80034.8	1	4
6.33003	0	0	953	FullDelay	0.0800348	80034.8	1	4
6.34003	0	0	5400	LastDelay	0.0800348	80034.8	1	4
6.34003	0	0	5400	FullDelay	0.0800348	80034.8	1	4
6.35003	0	0	1968	LastDelay	0.0800348	80034.8	1	4
6.35003	0	0	1968	FullDelay	0.0800348	80034.8	1	4
6.36003	0	0	393	LastDelay	0.0800348	80034.8	1	4
6.36003	0	0	393	FullDelay	0.0800348	80034.8	1	4
6.37003	0	0	1031	LastDelay	0.0800348	80034.8	1	4
6.37003	0	0	1031	FullDelay	0.0800348	80034.8	1	4
6.38003	0	0	5309	LastDelay	0.0800348	80034.8	1	4
6.38003	0	0	5309	FullDelay	0.0800348	80034.8	1	4
6.39003	0	0	86	LastDelay	0.0800347	80034.7	1	4
6.39003	0	0	86	FullDelay	0.0800347	80034.7	1	4
6.40003	0	0	1644	LastDelay	0.0800348	80034.8	1	4
6.40003	0	0	1644	FullDelay	0.0800348	80034.8	1	4
6.41003	0	0	1	LastDelay	0.0800347	80034.7	1	4
6.41003	0	0	1	FullDelay	0.0800347	80034.7	1	4
6.42003	0	0	431	LastDelay	0.0600261	60026.1	1	3
6.42003	0	0	431	FullDelay	0.0600261	60026.1	1	3
6.42003	0	0	2490	LastDelay	0.0800348	80034.8	1	4
6.42003	0	0	2490	FullDelay	0.0800348	80034.8	1	4
6.43003	0	0	1203	LastDelay	0.0800348	80034.8	1	4
6.43003	0	0	1203	FullDelay	0.0800348	80034.8	1	4
6.45003	0	0	9512	LastDelay	0.0800348	80034.8	1	4
6.45003	0	0	9512	FullDelay	0.0800348	80034.8	1	4
6.46003	0	0	2596	LastDelay	0.0800348	80034.8	1	4
6.46003	0	0	2596	FullDelay	0.0800348	80034.8	1	4
6.47003	0	0	33	LastDelay	0.0800347	80034.7	1	4
6.47003	0	0	33	FullDelay	0.0800347	80034.7	1	4
6.48003	0	0	50	LastDelay	0.0800347	80034.7	1	4
6.48003	0	0	50	FullDelay	0.0800347	80034.7	1	4
6.49003	0	0	1309	LastDelay	0.0800348	80034.8	1	4
6.49003	0	0	1309	FullDelay	0.0800348	80034.8	1	4
6.50003	0	0	657	LastDelay	0.0800348	80034.8	1	4
6.50003	0	0	657	FullDelay	0.0800348	80034.8	1	4
6.51003	0	0	2570	LastDelay	0.0800348	80034.8	1	4
6.51003	0	0	2570	FullDelay	0.0800348	80034.8	1	4
6.52003	0	0	122	LastDelay	0.0800347	80034.7	1	4
6.52003	0	0	122	FullDelay	0.0800347	80034.7	1	4
6.53003	0	0	5229	LastDelay	0.0800348	80034.8	1	4
6.53003	0	0	5229	FullDelay	0.0800348	80034.8	1	4
6.54003	0	0	5843	LastDelay	0.0800348	80034.8	1	4
6.54003	0	0	5843	FullDelay	0.0800348	80034.8	1	4
6.55003	0	0	540	LastDelay	0.0800348	80034.8	1	4
6.55003	0	0	540	FullDelay	0.0800348	80034.8	1	4
6.56003	0	0	5081	LastDelay	0.0800348	80034.8	1	4
6.56003	0	0	5081	FullDelay	0.0800348	80034.8	1	4
6.57003	0	0	3750	LastDelay	0.0800348	80034.8	1	4
6.57003	0	0	3750	FullDelay	0.0800348	80034.8	1	4
6.58003	0	0	237	LastDelay	0.0800347	80034.7	1	4
6.58003	0	0	237	FullDelay	0.0800347	80034.7	1	4
6.59001	0	0	2	LastDelay	0.0200087	20008.7	1	1
6.59001	0	0	2	FullDelay	0.0200087	20008.7	1	1
6.59003	0	0	8227	LastDelay	0.0800348	80034.8	1	4
6.59003	0	0	8227	FullDelay	0.0800348	80034.8	1	4
6.6	0	0	4	LastDelay	0	0	1	0
6.6	0	0	4	FullDelay	0	0	1	0
6.60003	0	0	2120	LastDelay	0.0800348	80034.8	1	4
6.60003	0	0	2120	FullDelay	0.0800348	80034.8	1	4
6.61003	0	0	4398	LastDelay	0.0800348	80034.8	1	4
6.61003	0	0	4398	FullDelay	0.0800348	80034.8	1	4
6.62003	0	0	9021	LastDelay	0.0800348	80034.8	1	4
6.62003	0	0	9021	FullDelay	0.0800348	80034.8	1	4
6.63003	0	0	4454	LastDelay	0.0800348	80034.8	1	4
6.63003	0	0	4454	FullDelay	0.0800348	80034.8	1	4
6.64003	0	0	1195	LastDelay	0.0800348	80034.8	1	4
6.64003	0	0	1195	FullDelay	0.0800348	80034.8	1	4
6.66003	0	0	3323	LastDelay	0.0800348	80034.8	1	4
6.66003	0	0	3323	FullDelay	0.0800348	80034.8	1	4
6.67003	0	0	4509	LastDelay	0.0800348	80034.8	1	4
6.67003	0	0	4509	FullDelay	0.0800348	80034.8	1	4
6.68002	0	0	78	LastDelay	0.0400174	40017.4	1	2
6.68002	0	0	78	FullDelay	0.0400174	40017.4	1	2
6.69003	0	0	12	LastDelay	0.0800347	80034.7	1	4
6.69003	0	0	12	FullDelay	0.0800347	80034.7	1	4
6.70003	0	0	4980	LastDelay	0.0800348	80034.8	1	4
6.70003	0	0	4980	FullDelay	0.0800348	80034.8	1	4
6.71003	0	0	610	LastDelay	0.0800348	80034.8	1	4
6.71003	0	0	610	FullDelay	0.0800348	80034.8	1	4
6.73003	0	0	95	LastDelay	0.0800347	80034.7	1	4
6.73003	0	0	95	FullDelay	0.0800347	80034.7	1	4
6.74003	0	0	1505	LastDelay	0.0800348	80034.8	1	4
6.74003	0	0	1505	FullDelay	0.0800348	80034.8	1	4
6.75003	0	0	386	LastDelay	0.0800348	80034.8	1	4
6.75003	0	0	386	FullDelay	0.0800348	80034.8	1	4
6.76003	0	0	7975	LastDelay	0.0800348	80034.8	1	4
6.76003	0	0	7975	FullDelay	0.0800348	80034.8	1	4
6.77003	0	0	22	LastDelay	0.0800347	80034.7	1	4
6.77003	0	0	22	FullDelay	0.0800347	80034.7	1	4
6.78003	0	0	182	LastDelay	0.0800347	80034.7	1	4
6.78003	0	0	182	FullDelay	0.0800347	80034.7	1	4
6.79002	0	0	7	LastDelay	0.0400174	40017.4	1	2
6.79002	0	0	7	FullDelay	0.0400174	40017.4	1	2
6.79003	0	0	6602	LastDelay	0.0800348	80034.8	1	4
6.79003	0	0	6602	FullDelay	0.0800348	80034.8	1	4
6.80003	0	0	197	LastDelay	0.0800347	80034.7	1	4
6.80003	0	0	197	FullDelay	0.0800347	80034.7	1	4
6.81003	0	0	6278	LastDelay	0.0800348	80034.8	1	4
6.81003	0	0	6278	FullDelay	0.0800348	80034.8	1	4
6.82003	0	0	2865	LastDelay	0.0800348	80034.8	1	4
6.82003	0	0	2865	FullDelay	0.0800348	80034.8	1	4
6.84003	0	0	9	LastDelay	0.0800347	80034.7	1	4
6.84003	0	0	9	FullDelay	0.0800347	80034.7	1	4
6.85003	0	0	5968	LastDelay	0.0800348	80034.8	1	4
6.85003	0	0	5968	FullDelay	0.0800348	80034.8	1	4
6.86003	0	0	7737	LastDelay	0.0800348	80034.8	1	4
6.86003	0	0	7737	FullDelay	0.0800348	80034.8	1	4
6.87003	0	0	615	LastDelay	0.0800348	80034.8	1	4
6.87003	0	0	615	FullDelay	0.0800348	80034.8	1	4
6.88003	0	0	8770	LastDelay	0.0800348	80034.8	1	4
6.88003	0	0	8770	FullDelay	0.0800348	80034.8	1	4
6.89	0	0	4	LastDelay	0	0	1	0
6.89	0	0	4	FullDelay	0	0	1	0
6.89003	0	0	153	LastDelay	0.0800347	80034.7	1	4
6.89003	0	0	153	FullDelay	0.0800347	80034.7	1	4
6.90003	0	0	488	LastDelay	0.0800348	80034.8	1	4
6.90003	0	0	488	FullDelay	0.0800348	80034.8	1	4
6.91003	0	0	186	LastDelay	0.0800347	80034.7	1	4
6.91003	0	0	186	FullDelay	0.0800347	80034.7	1	4
6.92003	0	0	2190	LastDelay	0.0800348	80034.8	1	4
6.92003	0	0	2190	FullDelay	0.0800348	80034.8	1	4
6.93003	0	0	5556	LastDelay	0.0800348	80034.8	1	4
6.93003	0	0	5556	FullDelay	0.0800348	80034.8	1	4
6.94003	0	0	4443	LastDelay	0.0800348	80034.8	1	4
6.94003	0	0	4443	FullDelay	0.0800348	80034.8	1	4
6.95003	0	0	8718	LastDelay	0.0800348	80034.8	1	4
6.95003	0	0	8718	FullDelay	0.0800348	80034.8	1	4
6.96003	0	0	724	LastDelay	0.0800348	80034.8	1	4
6.96003	0	0	724	FullDelay	0.0800348	80034.8	1	4
6.98003	0	0	41	LastDelay	0.0800347	80034.7	1	4
6.98003	0	0	41	FullDelay	0.0800347	80034.7	1	4
6.99003	0	0	653	LastDelay	0.0800348	80034.8	1	4
6.99003	0	0	653	FullDelay	0.0800348	80034.8	1	4
7.00003	0	0	913	LastDelay	0.0800348	80034.8	1	4
7.00003	0	0	913	FullDelay	0.0800348	80034.8	1	4
7.01003	0	0	557	LastDelay	0.0800348	80034.8	1	4
7.01003	0	0	557	FullDelay	0.0800348	80034.8	1	4
7.02003	0	0	54	LastDelay	0.0800347	80034.7	1	4
7.02003	0	0	54	FullDelay	0.0800347	80034.7	1	4
7.03003	0	0	367	LastDelay	0.0800348	80034.8	1	4
7.03003	0	0	367	FullDelay	0.0800348	80034.8	1	4
7.04003	0	0	182	LastDelay	0.0500347	50034.7	1	4
7.04003	0	0	182	FullDelay	0.0800347	80034.7	2	4
7.05003	0	0	5236	LastDelay	0.0800348	80034.8	1	4
7.05003	0	0	5236	FullDelay	0.0800348	80034.8	1	4
7.06003	0	0	81	LastDelay	0.0800347	80034.7	1	4
7.06003	0	0	81	FullDelay	0.0800347	80034.7	1	4
7.08003	0	0	221	LastDelay	0.0800347	80034.7	1	4
7.08003	0	0	221	FullDelay	0.0800347	80034.7	1	4
7.09001	0	0	2	LastDelay	8.679e-06	8.679	1	1
7.09001	0	0	2	FullDelay	0.0200087	20008.7	2	1
7.09003	0	0	165	LastDelay	0.0800347	80034.7	1	4
7.09003	0	0	165	FullDelay	0.0800347	80034.7	1	4
7.10002	0	0	5	LastDelay	0.0400174	40017.4	1	2
7.10002	0	0	5	FullDelay	0.0400174	40017.4	1	2
7.10003	0	0	155	LastDelay	0.0800347	80034.7	1	4
7.10003	0	0	155	FullDelay	0.0800347	80034.7	1	4
7.11003	0	0	4755	LastDelay	0.0800348	80034.8	1	4
7.11003	0	0	4755	FullDelay	0.0800348	80034.8	1	4
7.12003	0	0	5397	LastDelay	0.0800348	80034.8	1	4
7.12003	0	0	5397	FullDelay	0.0800348	80034.8	1	4
7.13003	0	0	14	LastDelay	0.0800347	80034.7	1	4
7.13003	0	0	14	FullDelay	0.0800347	80034.7	1	4
7.16003	0	0	9583	LastDelay	0.0800348	80034.8	1	4
7.16003	0	0	9583	FullDelay	0.0800348	80034.8	1	4
7.18003	0	0	7338	LastDelay	0.0800348	80034.8	1	4
7.18003	0	0	7338	FullDelay	0.0800348	80034.8	1	4
7.19003	0	0	1	LastDelay	0.0800347	80034.7	1	4
7.19003	0	0	1	FullDelay	0.0800347	80034.7	1	4
7.20003	0	0	6409	LastDelay	0.0800348	80034.8	1	4
7.20003	0	0	6409	FullDelay	0.0800348	80034.8	1	4
7.21003	0	0	215	LastDelay	0.0800347	80034.7	1	4
7.21003	0	0	215	FullDelay	0.0800347	80034.7	1	4
7.22003	0	0	304	LastDelay	0.0800348	80034.8	1	4
7.22003	0	0	304	FullDelay	0.0800348	80034.8	1	4
7.23003	0	0	2516	LastDelay	0.0800348	80034.8	1	4
7.23003	0	0	2516	FullDelay	0.0800348	80034.8	1	4
7.24003	0	0	132	LastDelay	0.0800347	80034.7	1	4
7.24003	0	0	132	FullDelay	0.0800347	80034.7	1	4
7.25003	0	0	1062	LastDelay	0.0800348	80034.8	1	4
7.25003	0	0	1062	FullDelay	0.0800348	80034.8	1	4
7.26003	0	0	2213	LastDelay	0.0800348	80034.8	1	4
7.26003	0	0	2213	FullDelay	0.0800348	80034.8	1	4
7.27003	0	0	303	LastDelay	0.0800348	80034.8	1	4
7.27003	0	0	303	FullDelay	0.0800348	80034.8	1	4
7.28003	0	0	3459	LastDelay	0.0800348	80034.8	1	4
7.28003	0	0	3459	FullDelay	0.0800348	80034.8	1	4
7.29003	0	0	534	LastDelay	0.0800348	80034.8	1	4
7.29003	0	0	534	FullDelay	0.0800348	80034.8	1	4
7.30003	0	0	8706	LastDelay	0.0800348	80034.8	1	4
7.30003	0	0	8706	FullDelay	0.0800348	80034.8	1	4
7.31003	0	0	7721	LastDelay	0.0800348	80034.8	1	4
7.31003	0	0	7721	FullDelay	0.0800348	80034.8	1	4
7.32003	0	0	1689	LastDelay	0.0800348	80034.8	1	4
7.32003	0	0	1689	FullDelay	0.0800348	80034.8	1	4
7.33003	0	0	4314	LastDelay	0.0800348	80034.8	1	4
7.33003	0	0	4314	FullDelay	0.0800348	80034.8	1	4
7.34003	0	0	279	LastDelay	0.0800348	80034.8	1	4
7.34003	0	0	279	FullDelay	0.0800348	80034.8	1	4
7.35003	0	0	6215	LastDelay	0.0800348	80034.8	1	4
7.35003	0	0	6215	FullDelay	0.0800348	80034.8	1	4
7.36003	0	0	19	LastDelay	0.0800347	80034.7	1	4
7.36003	0	0	19	FullDelay	0.0800347	80034.7	1	4
7.37003	0	0	7442	LastDelay	0.0800348	80034.8	1	4
7.37003	0	0	7442	FullDelay	0.0800348	80034.8	1	4
7.38003	0	0	196	LastDelay	0.0800347	80034.7	1	4
7.38003	0	0	196	FullDelay	0.0800347	80034.7	1	4
7.39002	0	0	7	LastDelay	0.0400174	40017.4	1	2
7.39002	0	0	7	FullDelay	0.0400174	40017.4	1	2
7.39003	0	0	124	LastDelay	0.0800347	80034.7	1	4
7.39003	0	0	124	FullDelay	0.0800347	80034.7	1	4
7.40003	0	0	4453	LastDelay	0.0800348	80034.8	1	4
7.40003	0	0	4453	FullDelay	0.0800348	80034.8	1	4
7.41003	0	0	7040	LastDelay	0.0800348	80034.8	1	4
7.41003	0	0	7040	FullDelay	0.0800348	80034.8	1	4
7.42003	0	0	39	LastDelay	0.0800347	80034.7	1	4
7.42003	0	0	39	FullDelay	0.0800347	80034.7	1	4
7.44003	0	0	6527	LastDelay	0.0600261	60026.1	1	3
7.44003	0	0	6527	FullDelay	0.0600261	60026.1	1	3
7.44003	0	0	70	LastDelay	0.0800347	80034.7	1	4
7.44003	0	0	70	FullDelay	0.0800347	80034.7	1	4
7.45003	0	0	940	LastDelay	0.0800348	80034.8	1	4
7.45003	0	0	940	FullDelay	0.0800348	80034.8	1	4
7.47003	0	0	2816	LastDelay	0.0800348	80034.8	1	4
7.47003	0	0	2816	FullDelay	0.0800348	80034.8	1	4
7.48003	0	0	160	LastDelay	0.0800347	80034.7	1	4
7.48003	0	0	160	FullDelay	0.0800347	80034.7	1	4
7.49003	0	0	7084	LastDelay	0.0800348	80034.8	1	4
7.49003	0	0	7084	FullDelay	0.0800348	80034.8	1	4
7.50003	0	0	6331	LastDelay	0.0800348	80034.8	1	4
7.50003	0	0	6331	FullDelay	0.0800348	80034.8	1	4
7.51003	0	0	6960	LastDelay	0.0800348	80034.8	1	4
7.51003	0	0	6960	FullDelay	0.0800348	80034.8	1	4
7.52003	0	0	1732	LastDelay	0.0800348	80034.8	1	4
7.52003	0	0	1732	FullDelay	0.0800348	80034.8	1	4
7.53003	0	0	2055	LastDelay	0.0800348	80034.8	1	4
7.53003	0	0	2055	FullDelay	0.0800348	80034.8	1	4
7.54003	0	0	4323	LastDelay	0.0800348	80034.8	1	4
7.54003	0	0	4323	FullDelay	0.0800348	80034.8	1	4
7.55003	0	0	782	LastDelay	0.0800348	80034.8	1	4
7.55003	0	0	782	FullDelay	0.0800348	80034.8	1	4
7.56003	0	0	7516	LastDelay	0.0800348	80034.8	1	4
7.56003	0	0	7516	FullDelay	0.0800348	80034.8	1	4
7.57003	0	0	5245	LastDelay	0.0800348	80034.8	1	4
7.57003	0	0	5245	FullDelay	0.0800348	80034.8	1	4
7.58003	0	0	490	LastDelay	0.0800348	80034.8	1	4
7.58003	0	0	490	FullDelay	0.0800348	80034.8	1	4
7.59003	0	0	41	LastDelay	0.0800347	80034.7	1	4
7.59003	0	0	41	FullDelay	0.0800347	80034.7	1	4
7.60003	0	0	73	LastDelay	0.0800347	80034.7	1	4
7.60003	0	0	73	FullDelay	0.0800347	80034.7	1	4
7.61003	0	0	180	LastDelay	0.0800347	80034.7	1	4
7.61003	0	0	180	FullDelay	0.0800347	80034.7	1	4
7.62003	0	0	1018	LastDelay	0.0800348	80034.8	1	4
7.62003	0	0	1018	FullDelay	0.0800348	80034.8	1	4
7.63003	0	0	4525	LastDelay	0.0800348	80034.8	1	4
7.63003	0	0	4525	FullDelay	0.0800348	80034.8	1	4
7.64003	0	0	83	LastDelay	0.0800347	80034.7	1	4
7.64003	0	0	83	FullDelay	0.0800347	80034.7	1	4
7.65003	0	0	4194	LastDelay	0.0800348	80034.8	1	4
7.65003	0	0	4194	FullDelay	0.0800348	80034.8	1	4
7.66003	0	0	2205	LastDelay	0.0800348	80034.8	1	4
7.66003	0	0	2205	FullDelay	0.0800348	80034.8	1	4
7.67003	0	0	353	LastDelay	0.0800348	80034.8	1	4
7.67003	0	0	353	FullDelay	0.0800348	80034.8	1	4
7.68003	0	0	2684	LastDelay	0.0800348	80034.8	1	4
7.68003	0	0	2684	FullDelay	0.0800348	80034.8	1	4
7.69003	0	0	1101	LastDelay	0.0800348	80034.8	1	4
7.69003	0	0	1101	FullDelay	0.0800348	80034.8	1	4
7.70003	0	0	8	LastDelay	0.0800347	80034.7	1	4
7.70003	0	0	8	FullDelay	0.0800347	80034.7	1	4
7.71003	0	0	5070	LastDelay	0.0800348	80034.8	1	4
7.71003	0	0	5070	FullDelay	0.0800348	80034.8	1	4
7.72003	0	0	89	LastDelay	0.0800347	80034.7	1	4
7.72003	0	0	89	FullDelay	0.0800347	80034.7	1	4
7.73003	0	0	7334	LastDelay	0.0800348	80034.8	1	4
7.73003	0	0	7334	FullDelay	0.0800348	80034.8	1	4
7.74003	0	0	1617	LastDelay	0.0800348	80034.8	1	4
7.74003	0	0	1617	FullDelay	0.0800348	80034.8	1	4
7.75003	0	0	8929	LastDelay	0.0800348	80034.8	1	4
7.75003	0	0	8929	FullDelay	0.0800348	80034.8	1	4
7.76003	0	0	435	LastDelay	0.0800348	80034.8	1	4
7.76003	0	0	435	FullDelay	0.0800348	80034.8	1	4
7.77003	0	0	248	LastDelay	0.0800347	80034.7	1	4
7.77003	0	0	248	FullDelay	0.0800347	80034.7	1	4
7.78003	0	0	7536	LastDelay	0.0800348	80034.8	1	4
7.78003	0	0	7536	FullDelay	0.0800348	80034.8	1	4
7.79003	0	0	1892	LastDelay	0.0800348	80034.8	1	4
7.79003	0	0	1892	FullDelay	0.0800348	80034.8	1	4
7.80003	0	0	266	LastDelay	0.0800348	80034.8	1	4
7.80003	0	0	266	FullDelay	0.0800348	80034.8	1	4
7.81003	0	0	2541	LastDelay	0.0800348	80034.8	1	4
7.81003	0	0	2541	FullDelay	0.0800348	80034.8	1	4
7.82003	0	0	642	LastDelay	0.0800348	80034.8	1	4
7.82003	0	0	642	FullDelay	0.0800348	80034.8	1	4
7.83003	0	0	871	LastDelay	0.0800348	80034.8	1	4
7.83003	0	0	871	FullDelay	0.0800348	80034.8	1	4
7.84003	0	0	4023	LastDelay	0.0800348	80034.8	1	4
7.84003	0	0	4023	FullDelay	0.0800348	80034.8	1	4
7.85003	0	0	417	LastDelay	0.0800348	80034.8	1	4
7.85003	0	0	417	FullDelay	0.0800348	80034.8	1	4
7.86003	0	0	1502	LastDelay	0.0800348	80034.8	1	4
7.86003	0	0	1502	FullDelay	0.0800348	80034.8	1	4
7.87003	0	0	3568	LastDelay	0.0800348	80034.8	1	4
7.87003	0	0	3568	FullDelay	0.0800348	80034.8	1	4
7.88003	0	0	2774	LastDelay	0.0800348	80034.8	1	4
7.88003	0	0	2774	FullDelay	0.0800348	80034.8	1	4
7.89003	0	0	2062	LastDelay	0.0800348	80034.8	1	4
7.89003	0	0	2062	FullDelay	0.0800348	80034.8	1	4
7.90003	0	0	389	LastDelay	0.0800348	80034.8	1	4
7.90003	0	0	389	FullDelay	0.0800348	80034.8	1	4
7.91003	0	0	3906	LastDelay	0.0800348	80034.8	1	4
7.91003	0	0	3906	FullDelay	0.0800348	80034.8	1	4
7.92003	0	0	90	LastDelay	0.0800347	80034.7	1	4
7.92003	0	0	90	FullDelay	0.0800347	80034.7	1	4
7.93003	0	0	123	LastDelay	0.0800347	80034.7	1	4
7.93003	0	0	123	FullDelay	0.0800347	80034.7	1	4
7.94003	0	0	2352	LastDelay	0.0800348	80034.8	1	4
7.94003	0	0	2352	FullDelay	0.0800348	80034.8	1	4
7.95003	0	0	44	LastDelay	0.0800347	80034.7	1	4
7.95003	0	0	44	FullDelay	0.0800347	80034.7	1	4
7.96003	0	0	367	LastDelay	0.0800348	80034.8	1	4
7.96003	0	0	367	FullDelay	0.0800348	80034.8	1	4
7.97003	0	0	1374	LastDelay	0.0800348	80034.8	1	4
7.97003	0	0	1374	FullDelay	0.0800348	80034.8	1	4
7.98003	0	0	9651	LastDelay	0.0800348	80034.8	1	4
7.98003	0	0	9651	FullDelay	0.0800348	80034.8	1	4
7.99003	0	0	11	LastDelay	0.0800347	80034.7	1	4
7.99003	0	0	11	FullDelay	0.0800347	80034.7	1	4
8.00003	0	0	4749	LastDelay	0.0800348	80034.8	1	4
8.00003	0	0	4749	FullDelay	0.0800348	80034.8	1	4
8.01003	0	0	839	LastDelay	0.0800348	80034.8	1	4
8.01003	0	0	839	FullDelay	0.0800348	80034.8	1	4
8.02003	0	0	1747	LastDelay	0.0800348	80034.8	1	4
8.02003	0	0	1747	FullDelay	0.0800348	80034.8	1	4
8.03	0	0	250	LastDelay	0	0	1	0
8.03	0	0	250	FullDelay	0	0	1	0
8.03002	0	0	3	LastDelay	0.0400174	40017.4	1	2
8.03002	0	0	3	FullDelay	0.0400174	40017.4	1	2
8.03003	0	0	596	LastDelay	0.0800348	80034.8	1	4
8.03003	0	0	596	FullDelay	0.0800348	80034.8	1	4
8.04003	0	0	55	LastDelay	0.0800347	80034.7	1	4
8.04003	0	0	55	FullDelay	0.0800347	80034.7	1	4
8.05003	0	0	9739	LastDelay	0.0800348	80034.8	1	4
8.05003	0	0	9739	FullDelay	0.0800348	80034.8	1	4
8.06003	0	0	56	LastDelay	0.0800347	80034.7	1	4
8.06003	0	0	56	FullDelay	0.0800347	80034.7	1	4
8.08003	0	0	8490	LastDelay	0.0800348	80034.8	1	4
8.08003	0	0	8490	FullDelay	0.0800348	80034.8	1	4
8.09003	0	0	628	LastDelay	0.0800348	80034.8	1	4
8.09003	0	0	628	FullDelay	0.0800348	80034.8	1	4
8.10003	0	0	191	LastDelay	0.0800347	80034.7	1	4
8.10003	0	0	191	FullDelay	0.0800347	80034.7	1	4
8.12003	0	0	1964	LastDelay	0.0800348	80034.8	1	4
8.12003	0	0	1964	FullDelay	0.0800348	80034.8	1	4
8.13003	0	0	239	LastDelay	0.0800347	80034.7	1	4
8.13003	0	0	239	FullDelay	0.0800347	80034.7	1	4
8.14003	0	0	287	LastDelay	0.0800348	80034.8	1	4
8.14003	0	0	287	FullDelay	0.0800348	80034.8	1	4
8.15003	0	0	6	LastDelay	0.0800347	80034.7	1	4
8.15003	0	0	6	FullDelay	0.0800347	80034.7	1	4
8.16003	0	0	928	LastDelay	0.0800348	80034.8	1	4
8.16003	0	0	928	FullDelay	0.0800348	80034.8	1	4
8.17003	0	0	3930	LastDelay	0.0800348	80034.8	1	4
8.17003	0	0	3930	FullDelay	0.0800348	80034.8	1	4
8.18003	0	0	458	LastDelay	0.0800348	80034.8	1	4
8.18003	0	0	458	FullDelay	0.0800348	80034.8	1	4
8.19003	0	0	532	LastDelay	0.0800348	80034.8	1	4
8.19003	0	0	532	FullDelay	0.0800348	80034.8	1	4
8.20003	0	0	1899	LastDelay	0.0800348	80034.8	1	4
8.20003	0	0	1899	FullDelay	0.0800348	80034.8	1	4
8.21003	0	0	30	LastDelay	0.0800347	80034.7	1	4
8.21003	0	0	30	FullDelay	0.0800347	80034.7	1	4
8.22003	0	0	4202	LastDelay	0.0800348	80034.8	1	4
8.22003	0	0	4202	FullDelay	0.0800348	80034.8	1	4
8.23001	0	0	15	LastDelay	0.0200087	20008.7	1	1
8.23001	0	0	15	FullDelay	0.0200087	20008.7	1	1
8.23003	0	0	8426	LastDelay	0.0800348	80034.8	1	4
8.23003	0	0	8426	FullDelay	0.0800348	80034.8	1	4
8.24003	0	0	2033	LastDelay	0.0800348	80034.8	1	4
8.24003	0	0	2033	FullDelay	0.0800348	80034.8	1	4
8.25003	0	0	5538	LastDelay	0.0800348	80034.8	1	4
8.25003	0	0	5538	FullDelay	0.0800348	80034.8	1	4
8.26003	0	0	60	LastDelay	0.0800347	80034.7	1	4
8.26003	0	0	60	FullDelay	0.0800347	80034.7	1	4
8.27003	0	0	5992	LastDelay	0.0800348	80034.8	1	4
8.27003	0	0	5992	FullDelay	0.0800348	80034.8	1	4
8.28003	0	0	11	LastDelay	0.0800347	80034.7	1	4
8.28003	0	0	11	FullDelay	0.0800347	80034.7	1	4
8.30003	0	0	2987	LastDelay	0.0800348	80034.8	1	4
8.30003	0	0	2987	FullDelay	0.0800348	80034.8	1	4
8.31003	0	0	2845	LastDelay	0.0800348	80034.8	1	4
8.31003	0	0	2845	FullDelay	0.0800348	80034.8	1	4
8.32003	0	0	1	LastDelay	0.0800347	80034.7	1	4
8.32003	0	0	1	FullDelay	0.0800347	80034.7	1	4
8.33003	0	0	6830	LastDelay	0.0800348	80034.8	1	4
8.33003	0	0	6830	FullDelay	0.0800348	80034.8	1	4
8.34003	0	0	8782	LastDelay	0.0800348	80034.8	1	4
8.34003	0	0	8782	FullDelay	0.0800348	80034.8	1	4
8.35003	0	0	70	LastDelay	0.0800347	80034.7	1	4
8.35003	0	0	70	FullDelay	0.0800347	80034.7	1	4
8.36003	0	0	1793	LastDelay	0.0800348	80034.8	1	4
8.36003	0	0	1793	FullDelay	0.0800348	80034.8	1	4
8.37003	0	0	3666	LastDelay	0.0800348	80034.8	1	4
8.37003	0	0	3666	FullDelay	0.0800348	80034.8	1	4
8.38003	0	0	5722	LastDelay	0.0800348	80034.8	1	4
8.38003	0	0	5722	FullDelay	0.0800348	80034.8	1	4
8.39003	0	0	2616	LastDelay	0.0800348	80034.8	1	4
8.39003	0	0	2616	FullDelay	0.0800348	80034.8	1	4
8.40003	0	0	466	LastDelay	0.0800348	80034.8	1	4
8.40003	0	0	466	FullDelay	0.0800348	80034.8	1	4
8.41003	0	0	5213	LastDelay	0.0800348	80034.8	1	4
8.41003	0	0	5213	FullDelay	0.0800348	80034.8	1	4
8.42003	0	0	1857	LastDelay	0.0800348	80034.8	1	4
8.42003	0	0	1857	FullDelay	0.0800348	80034.8	1	4
8.43003	0	0	8737	LastDelay	0.0800348	80034.8	1	4
8.43003	0	0	8737	FullDelay	0.0800348	80034.8	1	4
8.44003	0	0	1388	LastDelay	0.0800348	80034.8	1	4
8.44003	0	0	1388	FullDelay	0.0800348	80034.8	1	4
8.45003	0	0	1346	LastDelay	0.0800348	80034.8	1	4
8.45003	0	0	1346	FullDelay	0.0800348	80034.8	1	4
8.46003	0	0	2428	LastDelay	0.0800348	80034.8	1	4
8.46003	0	0	2428	FullDelay	0.0800348	80034.8	1	4
8.47003	0	0	2467	LastDelay	0.0800348	80034.8	1	4
8.47003	0	0	2467	FullDelay	0.0800348	80034.8	1	4
8.48003	0	0	2142	LastDelay	0.0800348	80034.8	1	4
8.48003	0	0	2142	FullDelay	0.0800348	80034.8	1	4
8.49003	0	0	1184	LastDelay	0.0800348	80034.8	1	4
8.49003	0	0	1184	FullDelay	0.0800348	80034.8	1	4
8.50003	0	0	6476	LastDelay	0.0800348	80034.8	1	4
8.50003	0	0	6476	FullDelay	0.0800348	80034.8	1	4
8.51003	0	0	1486	LastDelay	0.0800348	80034.8	1	4
8.51003	0	0	1486	FullDelay	0.0800348	80034.8	1	4
8.52003	0	0	4431	LastDelay	0.0800348	80034.8	1	4
8.52003	0	0	4431	FullDelay	0.0800348	80034.8	1	4
8.53003	0	0	25	LastDelay	0.0800347	80034.7	1	4
8.53003	0	0	25	FullDelay	0.0800347	80034.7	1	4
8.54003	0	0	5632	LastDelay	0.0800348	80034.8	1	4
8.54003	0	0	5632	FullDelay	0.0800348	80034.8	1	4
8.55003	0	0	1669	LastDelay	0.0800348	80034.8	1	4
8.55003	0	0	1669	FullDelay	0.0800348	80034.8	1	4
8.56003	0	0	23	LastDelay	0.0800347	80034.7	1	4
8.56003	0	0	23	FullDelay	0.0800347	80034.7	1	4
8.57003	0	0	631	LastDelay	0.0800348	80034.8	1	4
8.57003	0	0	631	FullDelay	0.0800348	80034.8	1	4
8.58003	0	0	779	LastDelay	0.0800348	80034.8	1	4
8.58003	0	0	779	FullDelay	0.0800348	80034.8	1	4
8.59003	0	0	2779	LastDelay	0.0800348	80034.8	1	4
8.59003	0	0	2779	FullDelay	0.0800348	80034.8	1	4
8.60003	0	0	150	LastDelay	0.0800347	80034.7	1	4
8.60003	0	0	150	FullDelay	0.0800347	80034.7	1	4
8.61003	0	0	7870	LastDelay	0.0800348	80034.8	1	4
8.61003	0	0	7870	FullDelay	0.0800348	80034.8	1	4
8.62002	0	0	5	LastDelay	0.0400174	40017.4	1	2
8.62002	0	0	5	FullDelay	0.0400174	40017.4	1	2
8.62003	0	0	895	LastDelay	0.0800348	80034.8	1	4
8.62003	0	0	895	FullDelay	0.0800348	80034.8	1	4
8.63003	0	0	708	LastDelay	0.0800348	80034.8	1	4
8.63003	0	0	708	FullDelay	0.0800348	80034.8	1	4
8.64003	0	0	3912	LastDelay	0.0800348	80034.8	1	4
8.64003	0	0	3912	FullDelay	0.0800348	80034.8	1	4
8.65003	0	0	124	LastDelay	0.0800347	80034.7	1	4
8.65003	0	0	124	FullDelay	0.0800347	80034.7	1	4
8.67003	0	0	1059	LastDelay	0.0800348	80034.8	1	4
8.67003	0	0	1059	FullDelay	0.0800348	80034.8	1	4
8.68003	0	0	145	LastDelay	0.0800347	80034.7	1	4
8.68003	0	0	145	FullDelay	0.0800347	80034.7	1	4
8.69003	0	0	7523	LastDelay	0.0800348	80034.8	1	4
8.69003	0	0	7523	FullDelay	0.0800348	80034.8	1	4
8.70003	0	0	74	LastDelay	0.0800347	80034.7	1	4
8.70003	0	0	74	FullDelay	0.0800347	80034.7	1	4
8.71003	0	0	4971	LastDelay	0.0800348	80034.8	1	4
8.71003	0	0	4971	FullDelay	0.0800348	80034.8	1	4
8.72003	0	0	6083	LastDelay	0.0800348	80034.8	1	4
8.72003	0	0	6083	FullDelay	0.0800348	80034.8	1	4
8.73003	0	0	466	LastDelay	0.0800348	80034.8	1	4
8.73003	0	0	466	FullDelay	0.0800348	80034.8	1	4
8.74003	0	0	5832	LastDelay	0.0800348	80034.8	1	4
8.74003	0	0	5832	FullDelay	0.0800348	80034.8	1	4
8.75003	0	0	135	LastDelay	0.0800347	80034.7	1	4
8.75003	0	0	135	FullDelay	0.0800347	80034.7	1	4
8.76003	0	0	3504	LastDelay	0.0800348	80034.8	1	4
8.76003	0	0	3504	FullDelay	0.0800348	80034.8	1	4
8.77003	0	0	3593	LastDelay	0.0800348	80034.8	1	4
8.77003	0	0	3593	FullDelay	0.0800348	80034.8	1	4
8.78003	0	0	2499	LastDelay	0.0800348	80034.8	1	4
8.78003	0	0	2499	FullDelay	0.0800348	80034.8	1	4
8.79003	0	0	1253	LastDelay	0.0800348	80034.8	1	4
8.79003	0	0	1253	FullDelay	0.0800348	80034.8	1	4
8.80003	0	0	6451	LastDelay	0.0800348	80034.8	1	4
8.80003	0	0	6451	FullDelay	0.0800348	80034.8	1	4
8.81003	0	0	43	LastDelay	0.0800347	80034.7	1	4
8.81003	0	0	43	FullDelay	0.0800347	80034.7	1	4
8.82003	0	0	4269	LastDelay	0.0800348	80034.8	1	4
8.82003	0	0	4269	FullDelay	0.0800348	80034.8	1	4
8.83003	0	0	3115	LastDelay	0.0800348	80034.8	1	4
8.83003	0	0	3115	FullDelay	0.0800348	80034.8	1	4
8.84003	0	0	33	LastDelay	0.0800347	80034.7	1	4
8.84003	0	0	33	FullDelay	0.0800347	80034.7	1	4
8.85003	0	0	13	LastDelay	0.0800347	80034.7	1	4
8.85003	0	0	13	FullDelay	0.0800347	80034.7	1	4
8.86003	0	0	113	LastDelay	0.0800347	80034.7	1	4
8.86003	0	0	113	FullDelay	0.0800347	80034.7	1	4
8.87003	0	0	9551	LastDelay	0.0800348	80034.8	1	4
8.87003	0	0	9551	FullDelay	0.0800348	80034.8	1	4
8.88003	0	0	69	LastDelay	0.0800347	80034.7	1	4
8.88003	0	0	69	FullDelay	0.0800347	80034.7	1	4
8.89003	0	0	2790	LastDelay	0.0800348	80034.8	1	4
8.89003	0	0	2790	FullDelay	0.0800348	80034.8	1	4
8.90003	0	0	52	LastDelay	0.0800347	80034.7	1	4
8.90003	0	0	52	FullDelay	0.0800347	80034.7	1	4
8.91003	0	0	2810	LastDelay	0.0800348	80034.8	1	4
8.91003	0	0	2810	FullDelay	0.0800348	80034.8	1	4
8.92003	0	0	3812	LastDelay	0.0800348	80034.8	1	4
8.92003	0	0	3812	FullDelay	0.0800348	80034.8	1	4
8.93003	0	0	1081	LastDelay	0.0800348	80034.8	1	4
8.93003	0	0	1081	FullDelay	0.0800348	80034.8	1	4
8.94003	0	0	7637	LastDelay	0.0800348	80034.8	1	4
8.94003	0	0	7637	FullDelay	0.0800348	80034.8	1	4
8.95003	0	0	19	LastDelay	0.0800347	80034.7	1	4
8.95003	0	0	19	FullDelay	0.0800347	80034.7	1	4
8.96003	0	0	1	LastDelay	0.0800347	80034.7	1	4
8.96003	0	0	1	FullDelay	0.0800347	80034.7	1	4
8.97003	0	0	59	LastDelay	0.0800347	80034.7	1	4
8.97003	0	0	59	FullDelay	0.0800347	80034.7	1	4
8.98003	0	0	13	LastDelay	0.0800347	80034.7	1	4
8.98003	0	0	13	FullDelay	0.0800347	80034.7	1	4
8.99003	0	0	2892	LastDelay	0.0800348	80034.8	1	4
8.99003	0	0	2892	FullDelay	0.0800348	80034.8	1	4
9.00003	0	0	9296	LastDelay	0.0800348	80034.8	1	4
9.00003	0	0	9296	FullDelay	0.0800348	80034.8	1	4
9.01003	0	0	1306	LastDelay	0.0800348	80034.8	1	4
9.01003	0	0	1306	FullDelay	0.0800348	80034.8	1	4
9.02003	0	0	5372	LastDelay	0.0800348	80034.8	1	4
9.02003	0	0	5372	FullDelay	0.0800348	80034.8	1	4
9.03003	0	0	3178	LastDelay	0.0800348	80034.8	1	4
9.03003	0	0	3178	FullDelay	0.0800348	80034.8	1	4
9.04003	0	0	76	LastDelay	0.0800347	80034.7	1	4
9.04003	0	0	76	FullDelay	0.0800347	80034.7	1	4
9.05003	0	0	170	LastDelay	0.0800347	80034.7	1	4
9.05003	0	0	170	FullDelay	0.0800347	80034.7	1	4
9.06003	0	0	2750	LastDelay	0.0800348	80034.8	1	4
9.06003	0	0	2750	FullDelay	0.0800348	80034.8	1	4
9.07001	0	0	2	LastDelay	0.0200087	20008.7	1	1
9.07001	0	0	2	FullDelay	0.0200087	20008.7	1	1
9.07003	0	0	736	LastDelay	0.0800348	80034.8	1	4
9.07003	0	0	736	FullDelay	0.0800348	80034.8	1	4
9.08	0	0	70	LastDelay	0	0	1	0
9.08	0	0	70	FullDelay	0	0	1	0
9.08003	0	0	4018	LastDelay	0.0800348	80034.8	1	4
9.08003	0	0	4018	FullDelay	0.0800348	80034.8	1	4
9.09003	0	0	60	LastDelay	0.0800347	80034.7	1	4
9.09003	0	0	60	FullDelay	0.0800347	80034.7	1	4
9.10003	0	0	130	LastDelay	0.0800347	80034.7	1	4
9.10003	0	0	130	FullDelay	0.0800347	80034.7	1	4
9.11003	0	0	126	LastDelay	0.0800347	80034.7	1	4
9.11003	0	0	126	FullDelay	0.0800347	80034.7	1	4
9.12003	0	0	969	LastDelay	0.0800348	80034.8	1	4
9.12003	0	0	969	FullDelay	0.0800348	80034.8	1	4
9.14003	0	0	1608	LastDelay	0.0800348	80034.8	1	4
9.14003	0	0	1608	FullDelay	0.0800348	80034.8	1	4
9.15003	0	0	128	LastDelay	0.0800347	80034.7	1	4
9.15003	0	0	128	FullDelay	0.0800347	80034.7	1	4
9.17001	0	0	132	LastDelay	0.0200087	20008.7	1	1
9.17001	0	0	132	FullDelay	0.0200087	20008.7	1	1
9.17003	0	0	1	LastDelay	0.0800347	80034.7	1	4
9.17003	0	0	1	FullDelay	0.0800347	80034.7	1	4
9.18003	0	0	1677	LastDelay	0.0800348	80034.8	1	4
9.18003	0	0	1677	FullDelay	0.0800348	80034.8	1	4
9.19003	0	0	413	LastDelay	0.0800348	80034.8	1	4
9.19003	0	0	413	FullDelay	0.0800348	80034.8	1	4
9.20003	0	0	4992	LastDelay	0.0800348	80034.8	1	4
9.20003	0	0	4992	FullDelay	0.0800348	80034.8	1	4
9.21003	0	0	365	LastDelay	0.0800348	80034.8	1	4
9.21003	0	0	365	FullDelay	0.0800348	80034.8	1	4
9.22003	0	0	9228	LastDelay	0.0800348	80034.8	1	4
9.22003	0	0	9228	FullDelay	0.0800348	80034.8	1	4
9.24003	0	0	2692	LastDelay	0.0800348	80034.8	1	4
9.24003	0	0	2692	FullDelay	0.0800348	80034.8	1	4
9.25002	0	0	596	LastDelay	0.0400174	40017.4	1	2
9.25002	0	0	596	FullDelay	0.0400174	40017.4	1	2
9.25003	0	0	7890	LastDelay	0.0800348	80034.8	1	4
9.25003	0	0	7890	FullDelay	0.0800348	80034.8	1	4
9.26003	0	0	1539	LastDelay	0.0800348	80034.8	1	4
9.26003	0	0	1539	FullDelay	0.0800348	80034.8	1	4
9.27003	0	0	1448	LastDelay	0.0800348	80034.8	1	4
9.27003	0	0	1448	FullDelay	0.0800348	80034.8	1	4
9.28003	0	0	4663	LastDelay	0.0800348	80034.8	1	4
9.28003	0	0	4663	FullDelay	0.0800348	80034.8	1	4
9.30003	0	0	320	LastDelay	0.0800348	80034.8	1	4
9.30003	0	0	320	FullDelay	0.0800348	80034.8	1	4
9.31001	0	0	1	LastDelay	0.0200087	20008.7	1	1
9.31001	0	0	1	FullDelay	0.0200087	20008.7	1	1
9.31003	0	0	6517	LastDelay	0.0800348	80034.8	1	4
9.31003	0	0	6517	FullDelay	0.0800348	80034.8	1	4
9.32003	0	0	6183	LastDelay	0.0800348	80034.8	1	4
9.32003	0	0	6183	FullDelay	0.0800348	80034.8	1	4
9.33003	0	0	4103	LastDelay	0.0800348	80034.8	1	4
9.33003	0	0	4103	FullDelay	0.0800348	80034.8	1	4
9.34003	0	0	4256	LastDelay	0.0800348	80034.8	1	4
9.34003	0	0	4256	FullDelay	0.0800348	80034.8	1	4
9.35003	0	0	60	LastDelay	0.0800347	80034.7	1	4
9.35003	0	0	60	FullDelay	0.0800347	80034.7	1	4
9.36003	0	0	9571	LastDelay	0.0800348	80034.8	1	4
9.36003	0	0	9571	FullDelay	0.0800348	80034.8	1	4
9.37	0	0	35	LastDelay	0	0	1	0
9.37	0	0	35	FullDelay	0	0	1	0
9.38003	0	0	1288	LastDelay	0.0800348	80034.8	1	4
9.38003	0	0	1288	FullDelay	0.0800348	80034.8	1	4
9.39003	0	0	9034	LastDelay	0.0800348	80034.8	1	4
9.39003	0	0	9034	FullDelay	0.0800348	80034.8	1	4
9.40003	0	0	3547	LastDelay	0.0800348	80034.8	1	4
9.40003	0	0	3547	FullDelay	0.0800348	80034.8	1	4
9.41003	0	0	5233	LastDelay	0.0800348	80034.8	1	4
9.41003	0	0	5233	FullDelay	0.0800348	80034.8	1	4
9.42003	0	0	6410	LastDelay	0.0800348	80034.8	1	4
9.42003	0	0	6410	FullDelay	0.0800348	80034.8	1	4
9.43003	0	0	163	LastDelay	0.0800347	80034.7	1	4
9.43003	0	0	163	FullDelay	0.0800347	80034.7	1	4
9.44003	0	0	9366	LastDelay	0.0800348	80034.8	1	4
9.44003	0	0	9366	FullDelay	0.0800348	80034.8	1	4
9.45002	0	0	7	LastDelay	0.0400174	40017.4	1	2
9.45002	0	0	7	FullDelay	0.0400174	40017.4	1	2
9.46003	0	0	3710	LastDelay	0.0800348	80034.8	1	4
9.46003	0	0	3710	FullDelay	0.0800348	80034.8	1	4
9.47001	0	0	1	LastDelay	0.0200087	20008.7	1	1
9.47001	0	0	1	FullDelay	0.0200087	20008.7	1	1
9.47003	0	0	592	LastDelay	0.0800348	80034.8	1	4
9.47003	0	0	592	FullDelay	0.0800348	80034.8	1	4
9.48003	0	0	1353	LastDelay	0.0800348	80034.8	1	4
9.48003	0	0	1353	FullDelay	0.0800348	80034.8	1	4
9.49001	0	0	2	LastDelay	8.679e-06	8.679	1	1
9.49001	0	0	2	FullDelay	0.0200087	20008.7	2	1
9.50003	0	0	5795	LastDelay	0.0800348	80034.8	1	4
9.50003	0	0	5795	FullDelay	0.0800348	80034.8	1	4
9.51003	0	0	173	LastDelay	0.0800347	80034.7	1	4
9.51003	0	0	173	FullDelay	0.0800347	80034.7	1	4
9.52003	0	0	40	LastDelay	0.0800347	80034.7	1	4
9.52003	0	0	40	FullDelay	0.0800347	80034.7	1	4
9.54003	0	0	1154	LastDelay	0.0800348	80034.8	1	4
9.54003	0	0	1154	FullDelay	0.0800348	80034.8	1	4
9.56002	0	0	18	LastDelay	0.0400174	40017.4	1	2
9.56002	0	0	18	FullDelay	0.0400174	40017.4	1	2
9.56003	0	0	1301	LastDelay	0.0800348	80034.8	1	4
9.56003	0	0	1301	FullDelay	0.0800348	80034.8	1	4
9.58003	0	0	128	LastDelay	0.0800347	80034.7	1	4
9.58003	0	0	128	FullDelay	0.0800347	80034.7	1	4
9.59003	0	0	5184	LastDelay	0.0800348	80034.8	1	4
9.59003	0	0	5184	FullDelay	0.0800348	80034.8	1	4
9.61003	0	0	4898	LastDelay	0.0800348	80034.8	1	4
9.61003	0	0	4898	FullDelay	0.0800348	80034.8	1	4
9.62003	0	0	3299	LastDelay	0.0800348	80034.8	1	4
9.62003	0	0	3299	FullDelay	0.0800348	80034.8	1	4
9.63003	0	0	36	LastDelay	0.0800347	80034.7	1	4
9.63003	0	0	36	FullDelay	0.0800347	80034.7	1	4
9.64	0	0	35	LastDelay	0	0	1	0
9.64	0	0	35	FullDelay	0	0	1	0
9.64001	0	0	2	LastDelay	0.0200087	20008.7	1	1
9.64001	0	0	2	FullDelay	0.0200087	20008.7	1	1
9.64003	0	0	8826	LastDelay	0.0800348	80034.8	1	4
9.64003	0	0	8826	FullDelay	0.0800348	80034.8	1	4
9.65003	0	0	9046	LastDelay	0.0800348	80034.8	1	4
9.65003	0	0	9046	FullDelay	0.0800348	80034.8	1	4
9.66003	0	0	227	LastDelay	0.0800347	80034.7	1	4
9.66003	0	0	227	FullDelay	0.0800347	80034.7	1	4
9.67003	0	0	655	LastDelay	0.0800348	80034.8	1	4
9.67003	0	0	655	FullDelay	0.0800348	80034.8	1	4
9.68003	0	0	179	LastDelay	0.0800347	80034.7	1	4
9.68003	0	0	179	FullDelay	0.0800347	80034.7	1	4
9.69003	0	0	186	LastDelay	0.0800347	80034.7	1	4
9.69003	0	0	186	FullDelay	0.0800347	80034.7	1	4
9.71003	0	0	1166	LastDelay	0.0800348	80034.8	1	4
9.71003	0	0	1166	FullDelay	0.0800348	80034.8	1	4
9.72001	0	0	37	LastDelay	0.0200087	20008.7	1	1
9.72001	0	0	37	FullDelay	0.0200087	20008.7	1	1
9.73003	0	0	5039	LastDelay	0.0800348	80034.8	1	4
9.73003	0	0	5039	FullDelay	0.0800348	80034.8	1	4
9.74003	0	0	856	LastDelay	0.0800348	80034.8	1	4
9.74003	0	0	856	FullDelay	0.0800348	80034.8	1	4
9.75003	0	0	76	LastDelay	0.0800347	80034.7	1	4
9.75003	0	0	76	FullDelay	0.0800347	80034.7	1	4
9.76003	0	0	151	LastDelay	0.0800347	80034.7	1	4
9.76003	0	0	151	FullDelay	0.0800347	80034.7	1	4
9.77003	0	0	51	LastDelay	0.0800347	80034.7	1	4
9.77003	0	0	51	FullDelay	0.0800347	80034.7	1	4
9.79003	0	0	1315	LastDelay	0.0800348	80034.8	1	4
9.79003	0	0	1315	FullDelay	0.0800348	80034.8	1	4
9.80003	0	0	191	LastDelay	0.0800347	80034.7	1	4
9.80003	0	0	191	FullDelay	0.0800347	80034.7	1	4
9.81003	0	0	8604	LastDelay	0.0800348	80034.8	1	4
9.81003	0	0	8604	FullDelay	0.0800348	80034.8	1	4
9.82003	0	0	8835	LastDelay	0.0800348	80034.8	1	4
9.82003	0	0	8835	FullDelay	0.0800348	80034.8	1	4
9.83003	0	0	6541	LastDelay	0.0800348	80034.8	1	4
9.83003	0	0	6541	FullDelay	0.0800348	80034.8	1	4
9.84003	0	0	973	LastDelay	0.0800348	80034.8	1	4
9.84003	0	0	973	FullDelay	0.0800348	80034.8	1	4
9.85003	0	0	9169	LastDelay	0.0800348	80034.8	1	4
9.85003	0	0	9169	FullDelay	0.0800348	80034.8	1	4
9.86003	0	0	5630	LastDelay	0.0800348	80034.8	1	4
9.86003	0	0	5630	FullDelay	0.0800348	80034.8	1	4
9.87	0	0	3517	LastDelay	0	0	1	0
9.87	0	0	3517	FullDelay	0	0	1	0
9.87001	0	0	21	LastDelay	0.0200087	20008.7	1	1
9.87001	0	0	21	FullDelay	0.0200087	20008.7	1	1
9.87003	0	0	16	LastDelay	0.0800347	80034.7	1	4
9.87003	0	0	16	FullDelay	0.0800347	80034.7	1	4
9.88003	0	0	9677	LastDelay	0.0800348	80034.8	1	4
9.88003	0	0	9677	FullDelay	0.0800348	80034.8	1	4
9.89003	0	0	161	LastDelay	0.0800347	80034.7	1	4
9.89003	0	0	161	FullDelay	0.0800347	80034.7	1	4
9.90003	0	0	4867	LastDelay	0.0800348	80034.8	1	4
9.90003	0	0	4867	FullDelay	0.0800348	80034.8	1	4
9.91003	0	0	732	LastDelay	0.0800348	80034.8	1	4
9.91003	0	0	732	FullDelay	0.0800348	80034.8	1	4
9.92003	0	0	749	LastDelay	0.0800348	80034.8	1	4
9.92003	0	0	749	FullDelay	0.0800348	80034.8	1	4
9.94003	0	0	1787	LastDelay	0.0800348	80034.8	1	4
9.94003	0	0	1787	FullDelay	0.0800348	80034.8	1	4
9.96001	0	0	38	LastDelay	0.0200087	20008.7	1	1
9.96001	0	0	38	FullDelay	0.0200087	20008.7	1	1
9.96003	0	0	151	LastDelay	0.0800347	80034.7	1	4
9.96003	0	0	151	FullDelay	0.0800347	80034.7	1	4
9.97003	0	0	7263	LastDelay	0.0800348	80034.8	1	4
9.97003	0	0	7263	FullDelay	0.0800348	80034.8	1	4
9.98003	0	0	489	LastDelay	0.0800348	80034.8	1	4
9.98003	0	0	489	FullDelay	0.0800348	80034.8	1	4
9.99003	0	0	6942	LastDelay	0.0800348	80034.8	1	4
9.99003	0	0	6942	FullDelay	0.0800348	80034.8	1	4
